91.52473432692517,0.0,-0.11,-0.0,-0.11,0.07,0.01,116.03,-4.38,-6.6
103.60911022182698,-0.06,0.11,0.0,0.0,0.0,-0.0,86.79,1.7,-2.42
91.38514499858378,-0.06,0.06,0.0,0.0,0.0,0.0,86.79,1.7,-2.42
109.76979848207276,-0.0,-0.0,0.0,0.0,0.0,0.0,86.81,1.68,-2.42
107.68154861235912,-0.0,-0.0,0.0,0.0,0.0,0.0,86.81,1.68,-2.42
102.1829609959315,-0.0,-0.0,0.0,0.0,0.0,0.0,86.81,1.68,-2.42
99.31577950369388,-0.0,-0.0,0.0,0.0,0.0,0.0,86.81,1.68,-2.42
104.05120317539073,-0.0,0.06,0.0,0.0,-0.0,0.0,86.81,1.68,-2.42
90.02584245546255,0.0,-0.06,-0.0,0.0,-0.0,0.0,86.83,1.68,-2.41
100.73743875492363,0.0,-0.06,-0.0,0.0,-0.0,0.0,86.83,1.68,-2.41
102.68830946260252,-0.06,0.06,0.0,-0.0,0.0,0.0,86.84,1.67,-2.41
97.62822959824962,-0.0,-0.0,0.0,0.0,0.0,0.0,86.85,1.67,-2.41
103.4455679968431,-0.0,-0.0,0.0,0.0,0.0,0.0,86.85,1.67,-2.41
100.66973886328725,-0.0,-0.0,0.0,0.0,0.0,0.0,86.85,1.67,-2.41
99.64610852418512,-0.0,-0.0,0.0,0.0,0.0,0.0,86.86,1.67,-2.4
100.4840324860449,0.06,-0.06,-0.06,-0.0,0.0,0.0,86.87,1.66,-2.4
102.32255861042668,0.0,-0.11,-0.06,-0.0,0.0,0.0,86.88,1.66,-2.39
99.44529008701424,0.0,-0.11,-0.06,-0.0,0.0,0.0,86.88,1.66,-2.39
103.55283428797156,-0.0,0.06,0.0,-0.0,-0.0,0.0,86.91,1.64,-2.39
100.26304592068463,-0.0,0.06,0.0,-0.0,-0.0,0.0,86.91,1.64,-2.39
92.61811597403171,-0.06,-0.0,0.0,-0.0,-0.0,0.0,86.91,1.64,-2.39
98.88261781832756,0.0,-0.06,-0.0,-0.0,0.0,0.0,86.92,1.63,-2.38
100.89980514325579,0.0,-0.06,-0.0,-0.0,0.0,0.0,86.92,1.63,-2.38
102.36001561889887,0.0,-0.06,-0.0,-0.0,0.0,0.0,86.92,1.63,-2.38
100.23429322499702,0.0,-0.06,0.06,-0.0,0.0,0.0,86.93,1.63,-2.38
100.22710762760467,-0.0,-0.0,0.0,0.0,0.0,0.0,86.93,1.63,-2.38
100.42628995570453,-0.0,-0.0,0.0,0.0,0.0,0.0,86.93,1.63,-2.38
101.43419588875453,-0.0,0.06,-0.06,0.0,0.0,-0.0,86.95,1.63,-2.38
101.48819202477739,-0.0,0.06,-0.06,0.0,0.0,-0.0,86.95,1.63,-2.38
91.60469128792015,-0.0,-0.0,0.0,0.0,0.0,0.0,86.95,1.63,-2.37
101.80596616422729,-0.0,-0.0,0.0,0.0,0.0,0.0,86.95,1.63,-2.37
102.55523497481539,-0.0,-0.0,0.0,0.0,0.0,0.0,86.95,1.63,-2.37
99.11394678387447,-0.06,0.11,0.0,-0.0,-0.0,0.0,86.95,1.63,-2.38
103.31306960934036,-0.06,-0.0,0.0,-0.0,-0.0,0.0,86.96,1.63,-2.38
97.97028870410165,-0.06,-0.0,0.0,-0.0,-0.0,0.0,86.96,1.63,-2.38
100.3950404519125,-0.06,-0.0,0.0,-0.0,-0.0,0.0,86.96,1.63,-2.38
103.91972448650925,-0.06,-0.0,0.0,-0.0,-0.0,0.0,86.96,1.63,-2.38
98.25026938393066,-0.0,-0.0,0.0,-0.0,-0.0,0.0,86.97,1.62,-2.38
102.32255861042668,0.12,-0.06,-0.0,-0.0,0.0,0.0,86.97,1.62,-2.37
101.76644425573214,0.12,-0.06,-0.0,-0.0,0.0,0.0,86.97,1.62,-2.37
99.45000592768227,0.06,-0.06,-0.0,-0.0,0.0,0.0,86.98,1.62,-2.37
99.99294330806275,-0.0,0.06,0.0,-0.0,0.0,0.0,86.99,1.62,-2.37
101.81832305675584,-0.0,0.06,0.0,-0.0,0.0,0.0,86.99,1.62,-2.37
94.44078177069261,-0.0,0.06,0.0,-0.0,0.0,0.0,86.99,1.62,-2.37
98.56658754964397,-0.0,0.06,0.0,-0.0,0.0,0.0,86.99,1.62,-2.37
103.25203091920635,-0.0,0.06,0.0,-0.0,-0.0,0.0,87.0,1.62,-2.37
98.7731725697061,-0.0,-0.0,0.0,-0.0,-0.0,-0.0,87.0,1.62,-2.37
100.44793562601782,-0.06,-0.0,0.0,-0.0,-0.0,0.0,87.0,1.62,-2.37
100.58282973621102,0.0,-0.06,-0.0,-0.0,-0.0,0.0,87.01,1.61,-2.37
103.29780317210127,-0.0,-0.0,0.0,-0.0,-0.0,0.0,87.02,1.61,-2.37
98.36778536081991,-0.0,-0.0,0.0,-0.0,-0.0,0.0,87.02,1.61,-2.37
104.03571782914972,-0.0,-0.0,0.0,-0.0,-0.0,0.0,87.02,1.61,-2.37
93.43723406625232,-0.0,0.06,0.0,-0.0,-0.0,0.0,87.02,1.62,-2.37
110.02030270440416,-0.0,0.06,0.0,-0.0,0.0,0.0,87.01,1.62,-2.37
89.58933720657026,-0.0,0.06,0.0,-0.0,0.0,0.0,87.01,1.62,-2.37
100.79796207733531,-0.06,0.06,0.0,-0.0,-0.0,0.0,87.01,1.63,-2.38
103.26728382903289,-0.06,0.06,0.0,-0.0,-0.0,0.0,87.01,1.63,-2.38
91.9702664181559,0.0,-0.11,-0.0,0.0,0.0,0.0,86.99,1.63,-2.38
111.37291556027616,0.0,-0.11,-0.0,0.0,0.0,0.0,86.99,1.63,-2.38
99.06010722467585,-0.0,-0.0,0.0,-0.0,0.0,0.0,86.99,1.63,-2.38
100.21273952310412,-0.0,-0.0,0.0,-0.0,0.0,0.0,86.97,1.64,-2.39
101.1845990543279,-0.0,-0.0,0.0,-0.0,0.0,0.0,86.97,1.64,-2.39
98.1215552332382,-0.0,-0.0,0.0,-0.0,0.0,0.0,86.97,1.64,-2.39
103.95578357746548,-0.0,-0.0,0.0,-0.0,0.0,0.0,86.97,1.64,-2.39
100.72292397099082,0.06,0.0,-0.0,-0.0,0.0,0.0,86.97,1.64,-2.39
100.91437095493588,0.06,0.0,-0.0,-0.0,0.0,0.0,86.97,1.64,-2.39
103.3461623752618,0.06,0.0,-0.0,-0.0,0.0,0.0,86.97,1.64,-2.39
89.484212322922,0.06,0.0,-0.0,-0.0,0.0,0.0,86.97,1.64,-2.39
100.04541551378685,-0.0,-0.0,0.0,-0.0,-0.0,0.0,86.96,1.66,-2.39
100.26064923268154,-0.0,-0.0,0.0,-0.0,-0.0,0.0,86.96,1.66,-2.39
102.67071379614217,-0.0,-0.0,0.0,-0.0,-0.0,0.0,86.95,1.67,-2.41
100.74469771575433,-0.0,0.06,0.0,0.0,0.0,0.0,86.92,1.68,-2.42
101.09436236110777,-0.0,0.06,0.0,0.0,0.0,0.0,86.92,1.68,-2.42
102.05615845053288,-0.0,0.06,0.0,0.0,0.0,0.0,86.92,1.68,-2.42
100.10749916463793,-0.0,0.06,0.0,0.0,0.0,0.0,86.92,1.68,-2.42
100.72776176753122,-0.0,0.06,0.0,0.0,0.0,0.0,86.92,1.68,-2.42
101.10167285349274,-0.06,-0.0,0.06,0.0,0.0,0.0,86.92,1.68,-2.42
98.95493795121031,-0.06,-0.0,0.06,0.0,0.0,0.0,86.92,1.68,-2.42
103.29780317210127,-0.06,-0.11,0.0,0.0,0.0,0.0,86.91,1.68,-2.42
102.51512929559564,0.0,-0.06,-0.0,0.0,0.0,0.0,86.91,1.68,-2.42
97.85143710339679,0.0,-0.06,-0.0,0.0,0.0,0.0,86.91,1.68,-2.42
92.00658082348038,-0.0,-0.0,0.0,0.0,0.0,0.0,86.91,1.68,-2.42
103.67569705358909,-0.0,-0.0,0.0,0.0,0.0,0.0,86.9,1.69,-2.42
97.2772688266809,-0.06,0.06,0.0,-0.0,0.0,0.0,86.89,1.7,-2.43
101.57913346734155,-0.06,0.06,0.0,-0.0,0.0,0.0,86.89,1.7,-2.43
100.32060082757302,-0.12,0.17,0.0,-0.0,-0.0,-0.0,86.89,1.7,-2.43
101.38760907926225,0.0,-0.06,-0.0,0.0,0.0,0.0,86.89,1.7,-2.44
101.94701278498857,0.0,-0.06,-0.0,0.0,0.0,0.0,86.89,1.7,-2.44
101.82573863222548,-0.0,-0.0,0.0,0.0,0.0,-0.0,86.89,1.7,-2.44
100.42869456948569,-0.0,-0.0,0.0,0.0,0.0,-0.0,86.89,1.7,-2.44
101.15775510696284,0.0,-0.17,-0.0,0.0,0.0,0.0,86.89,1.7,-2.44
103.86825487234096,0.0,-0.17,-0.0,0.0,0.0,0.0,86.89,1.7,-2.44
97.82405075100289,0.0,-0.06,-0.0,0.0,0.0,-0.0,86.89,1.7,-2.44
101.31169082125604,0.06,0.0,-0.0,0.0,0.0,-0.0,86.88,1.7,-2.44
92.69999557971975,0.06,0.0,-0.0,0.0,0.0,-0.0,86.88,1.7,-2.44
99.23119144506482,-0.0,0.06,0.0,0.0,-0.0,0.0,86.88,1.7,-2.44
100.11944716301052,-0.0,-0.0,0.0,0.0,-0.0,-0.0,86.88,1.7,-2.44
100.21513392110482,-0.0,0.11,0.0,0.0,0.0,0.0,86.88,1.71,-2.44
102.31507049812167,-0.0,0.11,0.0,0.0,0.0,0.0,86.88,1.71,-2.44
99.1819149187732,-0.06,-0.0,0.0,0.0,0.0,-0.0,86.87,1.71,-2.45
102.76378782310425,-0.0,-0.0,0.0,0.0,0.0,0.0,86.87,1.72,-2.45
100.73501933376563,-0.0,-0.0,0.0,0.0,0.0,0.0,86.87,1.72,-2.45
98.62684882545207,-0.0,-0.0,0.0,0.0,0.0,0.0,86.87,1.72,-2.45
104.09251997816052,-0.0,-0.0,0.0,0.0,0.0,0.0,86.87,1.72,-2.45
102.88730805082668,0.0,-0.06,-0.0,0.0,0.0,0.0,86.86,1.72,-2.45
99.27111784336465,0.0,-0.06,-0.0,0.0,0.0,0.0,86.86,1.72,-2.45
90.92947731263685,0.06,-0.11,-0.0,0.0,0.0,0.0,86.85,1.72,-2.45
101.72942032500606,-0.0,-0.0,0.0,0.0,0.0,0.0,86.85,1.72,-2.45
100.57559408196053,-0.0,-0.0,0.0,0.0,0.0,0.0,86.85,1.72,-2.45
100.51774630335275,-0.0,0.11,0.0,0.0,0.0,0.0,86.84,1.72,-2.45
99.92385944014295,-0.0,0.11,0.0,0.0,0.0,0.0,86.84,1.72,-2.45
104.42683928793726,-0.06,0.11,0.0,-0.0,0.0,0.0,86.84,1.73,-2.45
99.1866058126611,-0.06,0.11,0.0,-0.0,0.0,0.0,86.84,1.73,-2.45
104.36447784219563,-0.0,0.11,0.0,0.0,-0.0,0.0,86.83,1.74,-2.46
98.62916803837652,-0.0,-0.0,0.0,0.0,-0.0,0.0,86.82,1.74,-2.46
90.74848006231204,-0.0,-0.0,0.0,0.0,-0.0,0.0,86.82,1.74,-2.46
104.06927524005657,-0.0,-0.0,0.0,0.0,0.0,0.0,86.82,1.74,-2.46
102.15807292300947,0.06,-0.11,-0.0,0.0,0.0,0.0,86.83,1.74,-2.46
99.6555787873028,0.06,-0.11,-0.0,0.0,0.0,0.0,86.83,1.74,-2.46
98.6941503129559,0.06,-0.11,-0.0,0.0,0.0,0.0,86.83,1.74,-2.46
106.17415957877684,0.06,-0.11,-0.0,0.0,0.0,0.0,86.83,1.74,-2.46
98.1766771218576,0.06,-0.11,-0.0,0.0,0.0,0.0,86.83,1.74,-2.46
101.27988795788762,0.0,-0.06,-0.0,0.0,0.0,0.0,86.83,1.74,-2.46
100.9362275593204,-0.0,0.06,-0.06,0.0,0.0,0.0,86.83,1.74,-2.46
103.32324974134109,-0.0,0.06,-0.06,0.0,0.0,0.0,86.83,1.74,-2.46
90.08384879725087,-0.0,0.06,-0.06,0.0,0.0,0.0,86.83,1.74,-2.46
100.49607053862373,-0.0,0.06,0.0,0.0,0.0,0.0,86.83,1.74,-2.45
101.84304584304584,-0.06,0.06,0.06,0.0,0.0,-0.0,86.82,1.74,-2.46
99.14909108101081,-0.06,0.06,0.06,0.0,0.0,-0.0,86.82,1.74,-2.46
105.26022034281125,-0.0,-0.0,0.0,0.0,0.0,0.0,86.82,1.74,-2.46
97.22315198998632,0.0,-0.11,-0.0,0.0,0.0,0.0,86.81,1.75,-2.46
106.39500786362944,0.0,-0.11,-0.0,0.0,0.0,0.0,86.81,1.75,-2.46
98.947934605676,0.0,-0.11,-0.0,0.0,0.0,0.0,86.81,1.75,-2.46
101.4636412017998,0.0,-0.06,-0.0,0.0,0.0,0.0,86.81,1.74,-2.46
102.96813472774586,-0.0,0.06,0.0,0.0,0.0,0.0,86.81,1.74,-2.46
98.0275317269264,-0.0,0.06,0.0,0.0,0.0,0.0,86.81,1.74,-2.46
103.27236913379623,-0.0,0.06,0.0,0.0,0.0,0.0,86.81,1.74,-2.46
102.28014046039797,-0.0,-0.0,0.0,0.0,0.0,0.0,86.81,1.74,-2.46
98.56658754964397,0.06,-0.11,-0.0,0.0,0.0,0.0,86.8,1.74,-2.46
91.26384960181035,0.06,-0.11,-0.0,0.0,0.0,0.0,86.8,1.74,-2.46
102.80156862745098,0.06,-0.11,-0.0,0.0,0.0,0.0,86.8,1.74,-2.46
98.8476621417798,0.06,-0.11,-0.06,0.0,-0.0,0.0,86.8,1.74,-2.46
101.58651424142607,-0.0,0.11,0.0,0.0,0.0,0.0,86.81,1.74,-2.46
100.55148275118069,-0.0,0.11,0.0,0.0,0.0,0.0,86.81,1.74,-2.46
101.26521644655834,-0.0,-0.0,0.0,0.0,0.0,0.0,86.81,1.74,-2.46
102.2851290055114,-0.0,0.11,0.0,0.0,0.0,-0.0,86.81,1.74,-2.46
97.95656032509692,-0.0,-0.0,0.0,0.0,0.0,0.0,86.81,1.74,-2.46
103.32579508782302,-0.0,-0.0,0.0,0.0,0.0,0.0,86.81,1.74,-2.46
99.31813123061258,-0.06,0.11,0.0,0.0,0.0,0.0,86.81,1.74,-2.46
100.02871383940283,0.0,-0.06,-0.0,0.0,0.0,0.0,86.8,1.75,-2.46
99.75749791889642,0.0,-0.06,-0.0,0.0,0.0,0.0,86.8,1.75,-2.46
105.90874428704896,0.0,-0.06,-0.0,0.0,0.0,0.0,86.8,1.75,-2.46
98.88261781832756,0.0,-0.06,-0.0,0.0,0.0,0.0,86.8,1.75,-2.46
91.98035087719298,0.0,-0.06,-0.0,0.0,0.0,0.0,86.8,1.75,-2.46
103.60399170042486,0.0,-0.11,-0.0,0.0,0.0,-0.0,86.79,1.75,-2.46
99.99532721420908,0.0,-0.11,-0.0,0.0,0.0,-0.0,86.79,1.75,-2.46
102.32006245120999,0.06,-0.06,-0.0,0.0,0.0,0.0,86.79,1.74,-2.46
100.21992306038088,0.06,-0.06,-0.0,0.0,0.0,0.0,86.79,1.74,-2.46
100.24866751117378,-0.0,-0.0,0.0,0.0,0.0,0.0,86.79,1.75,-2.46
99.07180650037793,-0.0,-0.0,0.0,0.0,0.0,0.0,86.79,1.75,-2.46
101.24810505479651,-0.0,0.06,-0.06,0.0,0.0,0.0,86.79,1.75,-2.46
101.91728629051855,-0.06,-0.0,0.0,0.0,0.0,0.0,86.79,1.75,-2.47
102.99847748145966,-0.06,-0.0,0.0,0.0,0.0,0.0,86.79,1.75,-2.47
98.85465129981851,-0.06,-0.0,0.0,0.0,0.0,0.0,86.79,1.75,-2.47
100.70357743097239,-0.0,-0.0,0.0,0.0,0.0,0.0,86.8,1.74,-2.46
103.88883659871696,0.0,-0.11,-0.0,0.0,0.0,0.0,86.8,1.74,-2.46
98.37470682052725,0.0,-0.11,-0.0,0.0,0.0,0.0,86.8,1.74,-2.46
90.94919444022811,0.06,-0.11,-0.0,0.0,0.0,0.0,86.81,1.73,-2.46
98.32166717457044,0.06,-0.11,-0.0,0.0,0.0,0.0,86.81,1.73,-2.46
104.86022150553764,0.06,0.0,-0.0,0.0,0.0,0.0,86.8,1.73,-2.46
102.4725513669346,0.06,0.0,-0.0,0.0,0.0,0.0,86.8,1.73,-2.46
102.47755869921083,-0.06,0.06,0.0,0.0,0.0,0.0,86.81,1.73,-2.46
100.2414798527795,-0.0,-0.0,0.0,0.0,0.0,0.0,86.81,1.73,-2.46
100.15769993074957,-0.0,-0.0,0.0,0.0,0.0,0.0,86.81,1.73,-2.46
99.43821716453296,-0.0,-0.0,0.0,0.0,0.0,0.0,86.81,1.73,-2.46
101.52995570187117,0.06,-0.06,-0.0,0.0,0.0,0.0,86.8,1.73,-2.46
102.38750152569267,0.0,-0.11,-0.0,0.0,0.0,0.0,86.8,1.73,-2.46
98.67557521291111,0.0,-0.11,-0.0,0.0,0.0,0.0,86.8,1.73,-2.46
101.66530928834594,-0.0,-0.0,0.0,0.0,0.0,-0.0,86.79,1.74,-2.46
101.21145725247943,-0.0,-0.0,0.0,0.0,0.0,-0.0,86.79,1.74,-2.46
102.2701648298059,-0.0,0.06,0.0,0.0,0.0,-0.0,86.78,1.74,-2.47
91.78912353649196,-0.0,0.06,0.0,0.0,0.0,-0.0,86.78,1.74,-2.47
101.14555802064243,-0.0,0.06,0.0,0.0,0.0,0.0,86.78,1.74,-2.47
98.18816864480183,-0.0,0.06,0.0,0.0,0.0,0.0,86.77,1.75,-2.47
100.42388545707034,-0.0,0.06,0.0,0.0,0.0,0.0,86.77,1.75,-2.47
100.2798259455841,-0.0,0.06,0.0,0.0,0.0,0.0,86.77,1.75,-2.47
103.31815942457385,-0.0,0.11,0.06,0.0,0.0,0.0,86.77,1.75,-2.47
98.58048746092557,-0.06,0.06,0.0,0.0,0.0,0.0,86.77,1.75,-2.47
100.73018084007781,-0.06,0.06,0.0,0.0,0.0,0.0,86.77,1.75,-2.47
103.4404656209924,-0.06,0.06,0.06,0.0,0.0,0.0,86.77,1.75,-2.48
101.53487133554431,0.0,-0.06,0.06,0.0,0.0,0.0,86.76,1.75,-2.48
95.78004612819986,0.0,-0.06,0.06,0.0,0.0,0.0,86.76,1.75,-2.48
105.8820084315755,0.0,-0.06,0.06,0.0,0.0,0.0,86.76,1.75,-2.48
96.80577930620629,-0.0,-0.0,0.0,0.0,0.0,0.0,86.76,1.75,-2.48
102.7033962633757,0.06,0.0,-0.0,0.0,0.0,0.0,86.77,1.75,-2.48
89.83110235377268,0.06,0.0,-0.0,0.0,0.0,0.0,86.77,1.75,-2.48
103.29271536226173,-0.0,0.06,0.0,0.0,0.0,-0.0,86.77,1.75,-2.47
100.6431673665267,-0.0,0.06,0.0,0.0,0.0,-0.0,86.77,1.75,-2.47
100.03348517732357,-0.0,0.06,0.0,0.0,0.0,0.0,86.78,1.75,-2.47
102.22280714581657,-0.0,0.06,0.0,0.0,0.0,0.0,86.78,1.75,-2.47
101.04321850156589,-0.0,0.06,0.0,0.0,0.0,0.0,86.78,1.75,-2.47
100.32779983734392,-0.0,0.06,0.0,0.0,0.0,0.0,86.78,1.75,-2.47
101.03104901842707,-0.0,0.06,0.0,0.0,0.0,0.0,86.78,1.75,-2.47
101.61850999394306,-0.0,0.06,0.0,0.0,0.0,0.0,86.78,1.75,-2.47
101.70228655949177,-0.0,-0.0,0.0,0.0,0.0,0.0,86.77,1.75,-2.47
100.14813399871063,-0.0,-0.0,0.0,0.0,0.0,0.0,86.77,1.75,-2.47
103.00353634577603,-0.0,-0.0,0.0,0.0,0.0,0.0,86.77,1.75,-2.47
100.36381038979684,0.0,-0.06,-0.0,0.0,0.0,-0.0,86.77,1.75,-2.47
99.83348011329826,0.06,-0.06,-0.0,0.0,0.0,0.0,86.77,1.75,-2.48
92.29203890331382,0.06,-0.06,-0.0,0.0,0.0,0.0,86.77,1.75,-2.48
100.4840324860449,0.06,-0.06,-0.0,0.0,0.0,0.0,86.77,1.75,-2.48
101.50047189216659,0.06,-0.06,-0.0,0.0,0.0,0.0,86.77,1.75,-2.47
97.57826167876419,0.06,-0.11,-0.0,0.0,0.0,-0.0,86.76,1.75,-2.48
101.94949077562529,0.06,-0.11,-0.0,0.0,0.0,-0.0,86.76,1.75,-2.48
100.7084133691894,-0.0,-0.0,0.0,0.0,0.0,0.0,86.76,1.75,-2.48
103.3461623752618,-0.0,0.06,0.0,0.0,0.0,0.0,86.76,1.75,-2.48
96.59620920752631,-0.0,-0.0,0.0,0.0,0.0,0.0,86.75,1.75,-2.48
101.35330932991808,-0.0,-0.0,0.0,0.0,0.0,0.0,86.75,1.75,-2.48
101.91728629051855,-0.0,-0.0,0.0,0.0,0.0,0.0,86.75,1.75,-2.48
99.40993553280242,-0.0,-0.0,0.0,0.0,0.0,0.0,86.74,1.75,-2.48
102.99847748145966,0.06,-0.11,-0.06,0.0,0.0,0.0,86.73,1.75,-2.48
98.37009240583517,0.06,-0.11,-0.06,0.0,0.0,0.0,86.73,1.75,-2.48
93.57064138315673,0.06,-0.11,-0.0,0.0,0.0,0.0,86.74,1.75,-2.48
99.08819012969832,0.06,-0.11,-0.0,0.0,0.0,0.0,86.74,1.75,-2.48
101.23099944488692,0.0,-0.06,0.06,0.0,0.0,0.0,86.74,1.75,-2.47
102.33504123359195,0.0,-0.06,0.06,0.0,0.0,0.0,86.74,1.75,-2.47
99.55623071445525,-0.0,-0.0,0.0,0.0,0.0,0.0,86.74,1.75,-2.47
101.7639751552795,-0.0,-0.0,0.0,0.0,0.0,0.0,86.74,1.75,-2.47
100.72292397099082,-0.0,-0.0,0.0,0.0,0.0,0.0,86.73,1.75,-2.48
100.87553813223022,-0.0,-0.0,0.0,0.0,0.0,0.0,86.73,1.75,-2.48
100.50088656730723,0.0,-0.0,0.06,0.0,0.0,0.0,86.73,1.75,-2.48
100.59971697886935,-0.0,-0.0,0.0,0.0,0.0,0.0,86.72,1.76,-2.48
101.4243845819026,-0.0,-0.0,0.0,0.0,0.0,0.0,86.72,1.76,-2.48
101.07243722589041,-0.0,-0.0,0.0,0.0,0.0,0.0,86.72,1.76,-2.48
100.17205225573787,-0.0,0.11,0.0,0.0,0.0,0.0,86.71,1.76,-2.48
100.55389336401994,-0.0,0.06,0.0,0.0,0.0,-0.0,86.71,1.76,-2.48
99.63900700795818,-0.0,0.06,0.0,0.0,0.0,-0.0,86.71,1.76,-2.48
91.11713590545708,-0.0,0.06,0.0,0.0,0.0,0.0,86.71,1.76,-2.48
102.20038986354776,0.06,-0.06,-0.0,0.0,0.0,0.0,86.71,1.76,-2.48
103.1580707838363,0.06,-0.06,-0.0,0.0,0.0,0.0,86.71,1.76,-2.48
98.71737902466579,0.06,-0.06,-0.0,0.0,0.0,0.0,86.71,1.76,-2.48
101.12117266984907,0.0,-0.06,-0.0,0.0,0.0,0.0,86.71,1.76,-2.48
100.31580206165842,0.0,0.06,0.06,0.0,0.0,0.0,86.68,1.77,-2.49
98.92226415094339,0.0,0.06,0.06,0.0,0.0,0.0,86.68,1.77,-2.49
102.5401916682965,-0.0,-0.0,0.0,0.0,0.0,0.0,86.68,1.78,-2.49
100.59730416846548,-0.0,-0.0,0.0,0.0,0.0,0.0,86.68,1.78,-2.49
102.13817119201266,-0.0,-0.0,0.0,0.0,0.0,0.0,86.68,1.78,-2.49
102.46253817026994,-0.06,0.06,0.0,0.0,0.0,0.0,86.66,1.78,-2.49
99.00398914198041,-0.06,0.06,0.0,0.0,0.0,0.0,86.66,1.78,-2.49
100.9945581507344,-0.0,0.06,0.0,0.0,0.0,0.0,86.65,1.79,-2.49
99.67926232235372,-0.0,0.06,0.0,0.0,0.0,0.0,86.65,1.79,-2.49
91.3990847679233,-0.0,0.06,0.0,0.0,0.0,0.0,86.65,1.79,-2.49
101.6677736031996,0.0,-0.0,0.06,0.0,0.0,-0.0,86.65,1.79,-2.49
101.87767792081613,0.0,-0.0,0.06,0.0,0.0,-0.0,86.65,1.79,-2.49
98.09631171504081,0.0,-0.06,-0.0,0.0,0.0,0.0,86.65,1.79,-2.5
102.01147971592567,-0.0,-0.0,0.0,0.0,0.0,-0.0,86.65,1.79,-2.5
101.59635694215677,-0.0,0.06,0.0,0.0,0.0,0.0,86.64,1.79,-2.5
100.58041773578572,-0.0,0.06,0.0,0.0,0.0,0.0,86.64,1.79,-2.5
100.2582526592566,-0.06,0.11,0.0,0.0,0.0,-0.0,86.64,1.79,-2.5
101.43419588875453,-0.0,-0.0,0.0,0.0,0.0,-0.0,86.65,1.79,-2.5
100.78585159554018,-0.0,-0.0,0.0,0.0,0.0,-0.0,86.65,1.79,-2.5
101.74422666407918,-0.0,0.06,0.0,0.0,0.0,-0.0,86.65,1.79,-2.5
99.03204023327746,-0.0,0.06,0.0,0.0,0.0,-0.0,86.65,1.79,-2.5
103.77317036963728,-0.0,-0.0,0.0,0.0,0.0,-0.0,86.63,1.79,-2.5
91.25193629797232,-0.0,-0.0,0.0,0.0,0.0,-0.0,86.63,1.79,-2.5
103.0237767734329,0.0,-0.06,-0.0,0.0,0.0,0.0,86.63,1.79,-2.5
100.21513392110482,0.0,-0.06,-0.0,0.0,0.0,-0.0,86.63,1.79,-2.5
100.6624907000744,0.0,-0.06,-0.0,0.0,0.0,-0.0,86.63,1.79,-2.5
100.33980048324203,0.0,-0.06,-0.0,0.0,0.0,-0.0,86.63,1.79,-2.5
100.18880183451175,0.0,-0.06,-0.0,0.0,0.0,0.0,86.63,1.79,-2.5
100.72050524698028,0.0,-0.06,-0.0,0.0,0.0,-0.0,86.63,1.78,-2.5
101.62097204050977,0.0,-0.06,-0.0,0.0,0.0,-0.0,86.63,1.78,-2.5
91.47483206839397,0.0,-0.06,-0.0,0.0,0.0,-0.0,86.63,1.78,-2.5
100.80522976350701,-0.0,-0.0,0.0,0.0,0.0,0.0,86.64,1.78,-2.49
100.52979243564546,-0.06,0.17,0.0,0.0,0.0,0.0,86.63,1.78,-2.49
102.1083331304623,-0.06,0.17,0.0,0.0,0.0,0.0,86.63,1.78,-2.49
100.86826030493964,-0.06,0.06,0.0,0.0,0.0,0.0,86.64,1.78,-2.49
101.45873246250605,-0.0,-0.0,0.0,0.0,0.0,0.0,86.63,1.78,-2.5
97.12184504237484,-0.0,-0.0,0.0,0.0,0.0,0.0,86.63,1.78,-2.5
101.93462463849126,-0.0,-0.0,0.0,0.0,0.0,0.0,86.63,1.78,-2.5
100.80280708500565,-0.0,-0.0,0.0,0.0,0.0,0.0,86.63,1.78,-2.5
102.19042978267225,0.06,-0.06,-0.0,0.0,0.0,0.0,86.63,1.78,-2.49
99.38166998388779,0.06,-0.06,-0.0,0.0,0.0,0.0,86.63,1.78,-2.49
93.15500277623542,0.06,-0.06,-0.0,0.0,0.0,0.0,86.63,1.78,-2.49
100.63833769225232,-0.0,0.06,0.0,0.0,0.0,0.0,86.61,1.78,-2.5
104.78948683355819,-0.0,0.06,0.0,0.0,0.0,0.0,86.61,1.78,-2.5
100.21992306038088,-0.0,0.06,0.0,0.0,0.0,0.0,86.61,1.78,-2.5
97.00055504162812,-0.06,0.11,0.0,0.0,0.0,-0.0,86.61,1.78,-2.5
103.21899840039374,-0.06,0.11,0.0,0.0,0.0,0.0,86.6,1.79,-2.5
101.22122740545889,-0.06,0.11,0.0,0.0,0.0,0.0,86.6,1.79,-2.5
100.60695610458143,0.0,0.06,0.06,0.0,0.0,0.0,86.61,1.79,-2.5
100.07405993510211,0.0,0.06,0.06,0.0,0.0,0.0,86.61,1.79,-2.5
101.50538467123255,0.0,0.06,0.06,0.0,0.0,0.0,86.61,1.79,-2.5
101.71461829469396,0.0,0.06,0.06,0.0,0.0,0.0,86.61,1.79,-2.5
99.66031459392673,-0.06,0.11,0.0,0.0,0.0,0.0,86.6,1.79,-2.5
104.44764300122021,-0.0,-0.0,0.0,0.0,0.0,0.0,86.6,1.79,-2.5
98.09401749380233,-0.0,-0.0,0.0,0.0,0.0,0.0,86.6,1.79,-2.5
91.52473432692517,-0.0,-0.0,0.0,0.0,0.0,0.0,86.6,1.79,-2.5
103.32070452026112,-0.0,-0.0,0.0,0.0,0.0,0.0,86.6,1.79,-2.5
98.82437208425615,-0.0,0.06,0.0,0.0,0.0,0.0,86.6,1.79,-2.5
100.85128279112266,-0.0,0.06,0.0,0.0,0.0,0.0,86.6,1.79,-2.5
99.92385944014295,-0.0,0.06,-0.06,0.0,0.0,0.0,86.6,1.79,-2.5
101.4464626919821,-0.0,0.06,-0.06,0.0,0.0,0.0,86.6,1.79,-2.5
100.78342984837927,-0.0,-0.0,0.0,0.0,0.0,0.0,86.6,1.79,-2.5
100.24866751117378,-0.0,-0.0,0.0,0.0,0.0,0.0,86.6,1.79,-2.5
102.1182772137414,0.0,-0.06,0.06,0.0,0.0,0.0,86.6,1.79,-2.5
100.39744356942815,0.0,-0.06,0.06,0.0,0.0,0.0,86.6,1.79,-2.5
101.20168898540234,0.0,-0.06,0.06,0.0,0.0,0.0,86.6,1.79,-2.5
77.10826362717161,-0.0,-0.0,0.0,0.0,0.0,0.0,86.6,1.78,-2.5
100.06212276641935,-0.0,-0.0,0.0,0.0,0.0,0.0,86.6,1.78,-2.5
101.26521644655834,-0.0,-0.0,0.0,0.0,0.0,0.0,86.59,1.79,-2.5
100.80280708500565,0.06,-0.11,-0.0,0.0,0.0,0.0,86.59,1.79,-2.5
101.07243722589041,0.06,-0.11,-0.0,0.0,0.0,0.0,86.59,1.79,-2.5
102.56025039123631,0.06,-0.06,-0.0,0.0,0.0,-0.0,86.59,1.79,-2.5
99.02736394758588,-0.0,0.06,0.0,0.0,0.0,0.0,86.58,1.79,-2.5
101.22367023844001,-0.0,0.06,0.0,0.0,0.0,0.0,86.58,1.79,-2.5
100.30860477352083,-0.0,0.06,0.0,0.0,0.0,0.0,86.58,1.79,-2.5
100.91194302762005,-0.0,0.06,0.0,0.0,0.0,0.0,86.58,1.79,-2.5
101.47100520140317,-0.0,0.06,0.0,0.0,0.0,0.0,86.57,1.79,-2.5
83.43220878421387,-0.0,-0.0,0.0,0.0,0.0,0.0,86.58,1.79,-2.5
100.8658345958685,-0.0,0.06,0.0,0.0,0.0,0.0,86.57,1.79,-2.5
102.39000097646714,-0.0,0.06,0.0,0.0,0.0,0.0,86.57,1.79,-2.5
99.70769742785147,-0.0,-0.0,0.0,0.0,0.0,0.0,86.57,1.79,-2.5
102.76630567942372,-0.0,0.06,0.0,0.0,0.0,0.0,86.57,1.79,-2.5
98.7871308116256,-0.0,0.06,0.0,0.0,0.0,0.0,86.57,1.79,-2.5
100.86826030493964,-0.0,-0.0,0.0,0.0,0.0,0.0,86.57,1.79,-2.5
102.29011803726466,-0.0,-0.0,0.0,0.0,0.0,0.0,86.57,1.79,-2.5
99.49718894555807,-0.0,-0.0,0.0,0.0,0.0,0.0,86.57,1.79,-2.5
102.01644208785329,-0.0,-0.0,0.0,0.0,0.0,0.0,86.57,1.79,-2.5
100.99942207667117,-0.0,-0.0,0.0,0.0,0.0,0.0,86.57,1.79,-2.5
94.37490718448349,0.0,-0.11,-0.0,0.0,0.0,0.0,86.59,1.78,-2.49
109.71524235528003,0.0,-0.11,-0.0,0.0,0.0,0.0,86.59,1.78,-2.49
89.70813816704096,0.0,-0.11,-0.0,0.0,0.0,0.0,86.59,1.78,-2.49
98.9759539372773,0.0,-0.11,-0.0,0.0,0.0,0.0,86.59,1.78,-2.49
105.58082867643357,-0.0,-0.0,0.0,0.0,0.0,0.0,86.59,1.78,-2.49
98.62221072679819,-0.0,-0.0,0.0,0.0,0.0,0.0,86.59,1.78,-2.49
100.85855816861444,-0.0,-0.0,0.0,0.0,0.0,0.0,86.59,1.78,-2.49
102.73609954440798,0.0,-0.06,-0.0,0.0,0.0,-0.0,86.59,1.78,-2.49
98.11925983109926,0.06,-0.06,-0.0,0.0,0.0,0.0,86.59,1.77,-2.49
100.83431099144148,0.06,-0.06,-0.0,0.0,0.0,0.0,86.59,1.77,-2.49
101.51275473159397,0.06,-0.06,-0.0,0.0,0.0,0.0,86.59,1.77,-2.49
100.402250149611,0.06,0.0,-0.0,0.0,0.0,0.0,86.59,1.77,-2.49
104.63786049296478,-0.0,0.06,0.0,0.0,0.0,0.0,86.59,1.77,-2.49
97.67824871914299,-0.0,0.06,0.0,0.0,0.0,0.0,86.59,1.77,-2.49
102.45252693031095,-0.06,0.11,0.0,0.0,0.0,0.0,86.59,1.77,-2.49
99.99294330806275,0.0,-0.11,-0.0,0.0,0.0,0.0,86.58,1.77,-2.49
90.94130656317078,0.0,-0.11,-0.0,0.0,0.0,0.0,86.58,1.77,-2.49
101.436649012068,0.0,-0.11,-0.0,0.0,0.0,0.0,86.58,1.77,-2.49
100.04302921884317,-0.0,-0.0,0.0,0.0,0.0,0.0,86.58,1.77,-2.49
100.1648755791183,0.0,-0.06,-0.0,0.0,0.0,0.0,86.58,1.77,-2.49
101.02374873548823,0.0,-0.06,-0.0,0.0,0.0,0.0,86.58,1.77,-2.49
101.45137024405582,0.06,-0.06,-0.0,0.0,0.0,-0.0,86.57,1.77,-2.49
100.97024554646124,0.06,-0.06,-0.0,0.0,0.0,-0.0,86.57,1.77,-2.49
100.22471265741117,0.06,0.0,-0.0,0.0,0.0,0.0,86.57,1.77,-2.49
101.37290634441088,0.06,0.0,-0.0,0.0,0.0,0.0,86.57,1.77,-2.49
101.1358024691358,0.06,0.0,-0.0,0.0,0.0,0.0,86.57,1.77,-2.49
101.69982057126231,-0.0,0.17,0.0,0.0,0.0,0.0,86.57,1.78,-2.49
98.72899748134547,-0.0,-0.0,0.0,0.0,0.0,0.0,86.56,1.78,-2.49
101.64806242881032,-0.0,-0.0,0.0,0.0,0.0,0.0,86.56,1.78,-2.49
100.43109929842205,-0.0,-0.0,0.0,0.0,0.0,0.0,86.56,1.78,-2.49
90.66021096316791,0.0,-0.11,-0.0,0.0,0.0,0.0,86.56,1.77,-2.49
101.47346010548218,0.0,-0.11,-0.0,0.0,0.0,0.0,86.56,1.77,-2.49
99.9571983508496,-0.0,-0.0,0.0,0.0,0.0,0.0,86.56,1.78,-2.49
102.9630793401414,0.0,-0.06,-0.0,0.0,0.0,-0.0,86.56,1.77,-2.49
98.44397502699151,0.0,-0.06,-0.0,0.0,0.0,-0.0,86.56,1.77,-2.49
100.47199731710823,-0.0,-0.0,0.0,0.0,0.0,0.0,86.56,1.77,-2.49
103.4532225045014,-0.0,0.06,-0.06,0.0,0.0,0.0,86.55,1.77,-2.49
98.11696453635258,-0.0,0.06,-0.06,0.0,0.0,0.0,86.55,1.77,-2.49
102.70842618213875,-0.0,0.06,-0.06,0.0,0.0,0.0,86.55,1.77,-2.49
99.01100042490911,-0.0,0.11,0.0,0.0,0.0,0.0,86.55,1.78,-2.49
103.03896231513782,0.0,-0.0,0.06,0.0,0.0,0.0,86.54,1.78,-2.49
98.73829421596554,0.0,-0.0,0.06,0.0,0.0,0.0,86.54,1.78,-2.49
100.94594464500602,-0.0,-0.0,0.0,0.0,0.0,0.0,86.54,1.78,-2.49
100.52738297821345,0.0,-0.06,-0.0,0.0,0.0,0.0,86.54,1.78,-2.49
92.70204442479832,0.0,-0.06,-0.0,0.0,0.0,0.0,86.54,1.78,-2.49
97.92454239820695,0.0,-0.06,-0.0,0.0,0.0,0.0,86.54,1.78,-2.49
101.29701009515529,0.0,-0.06,-0.0,0.0,0.0,-0.0,86.54,1.78,-2.49
101.35575854236141,0.06,-0.17,-0.0,0.0,0.0,0.0,86.54,1.78,-2.49
99.27111784336465,0.06,-0.17,-0.0,0.0,0.0,0.0,86.54,1.78,-2.49
104.33072981443709,0.06,-0.17,-0.0,0.0,0.0,0.0,86.54,1.78,-2.49
97.39246737565597,0.0,-0.06,-0.0,0.0,0.0,0.0,86.55,1.77,-2.48
102.4550295568909,-0.0,0.11,0.0,0.0,0.0,-0.0,86.55,1.76,-2.48
100.30380715515592,-0.0,0.11,0.0,0.0,0.0,-0.0,86.55,1.76,-2.48
99.11160471655758,-0.0,0.11,0.0,0.0,0.0,-0.0,86.55,1.76,-2.48
94.09965674287125,-0.0,0.11,0.0,0.0,0.0,-0.0,86.55,1.76,-2.48
97.7260420792656,-0.0,0.06,0.0,0.0,0.0,0.0,86.54,1.77,-2.48
82.28966058465764,-0.06,-0.0,0.0,0.0,0.0,0.0,86.54,1.77,-2.48
98.75689293871112,-0.06,-0.0,0.0,0.0,0.0,0.0,86.54,1.77,-2.48
103.94032661759968,-0.0,-0.0,0.0,0.0,0.0,-0.0,86.53,1.77,-2.48
111.89286381219155,-0.0,-0.0,0.0,0.0,0.0,-0.0,86.53,1.77,-2.48
113.62366581784688,0.06,-0.23,-0.0,0.0,0.0,-0.0,86.53,1.76,-2.48
105.25229611041405,0.06,-0.23,-0.0,0.0,0.0,-0.0,86.53,1.76,-2.48
104.74761500424555,0.0,-0.11,-0.0,0.0,0.0,-0.0,86.53,1.76,-2.48
102.68579542672477,-0.0,-0.0,0.0,0.0,0.0,0.0,86.53,1.76,-2.49
102.14065848431716,-0.0,-0.0,0.0,0.0,0.0,0.0,86.53,1.76,-2.49
101.44400909398733,-0.0,-0.0,0.0,0.0,0.0,0.0,86.52,1.76,-2.49
102.05615845053288,-0.0,-0.0,0.0,0.0,0.0,0.0,86.52,1.76,-2.49
100.45515292314325,0.0,-0.0,0.06,0.0,0.0,0.0,86.52,1.77,-2.49
101.37780678220095,0.0,-0.0,0.06,0.0,0.0,0.0,86.52,1.77,-2.49
99.268768342327,0.0,-0.06,-0.0,0.0,0.0,0.0,86.52,1.77,-2.49
101.9693190382418,-0.0,-0.0,0.0,0.0,0.0,0.0,86.52,1.77,-2.49
91.28371202228607,-0.0,-0.0,0.0,0.0,0.0,0.0,86.52,1.76,-2.49
102.01147971592567,-0.0,-0.0,0.0,0.0,0.0,0.0,86.52,1.76,-2.49
98.78015119756954,0.06,-0.11,-0.0,0.0,-0.0,-0.0,86.52,1.76,-2.49
100.37822184994616,0.06,-0.06,-0.0,0.0,-0.0,0.0,86.52,1.76,-2.49
101.24321714782273,0.06,-0.06,-0.0,0.0,-0.0,0.0,86.52,1.76,-2.49
102.74868327576492,0.06,0.0,-0.0,-0.0,-0.0,-0.0,86.52,1.76,-2.49
83.85756842673491,-0.0,0.11,0.0,0.0,0.0,0.0,86.52,1.76,-2.49
97.77616150313541,-0.0,0.11,0.0,0.0,0.0,0.0,86.52,1.76,-2.49
73.25015717778554,-0.0,0.11,0.0,0.0,0.0,0.0,86.52,1.76,-2.49
102.05615845053288,-0.0,0.06,0.0,0.0,0.0,0.0,86.52,1.76,-2.48
106.5409469619996,-0.06,0.11,0.0,0.0,0.0,0.0,86.52,1.77,-2.48
160.8985729630198,-0.06,0.11,0.0,0.0,0.0,0.0,86.52,1.77,-2.48
106.37611910015471,-0.06,0.11,0.0,0.0,0.0,0.0,86.51,1.77,-2.49
104.3696717844079,-0.06,0.11,0.0,0.0,0.0,0.0,86.51,1.77,-2.49
103.8862634368653,-0.0,-0.0,0.0,0.0,0.0,0.0,86.51,1.77,-2.49
103.62702903026559,-0.0,-0.0,0.0,0.0,0.0,0.0,86.51,1.77,-2.49
99.83823284377901,-0.0,-0.0,0.0,0.0,0.0,0.0,86.51,1.77,-2.49
100.22231780167265,0.12,-0.06,-0.0,0.0,0.0,0.0,86.5,1.77,-2.48
92.6958981612447,0.06,-0.06,-0.0,-0.0,0.0,-0.0,86.5,1.77,-2.48
99.81209842463471,0.06,-0.06,-0.0,-0.0,0.0,-0.0,86.5,1.77,-2.48
99.31107638395605,0.0,-0.06,-0.0,-0.0,0.0,0.0,86.5,1.77,-2.48
100.10988853617204,0.06,0.0,-0.0,0.0,-0.0,-0.0,86.49,1.78,-2.49
104.54917991923824,0.06,0.0,-0.0,0.0,-0.0,-0.0,86.49,1.78,-2.49
95.57706681250569,0.06,0.0,-0.0,0.0,-0.0,0.02,86.49,1.78,-2.49
106.0694433907392,0.06,0.0,-0.0,0.0,-0.0,0.02,86.49,1.78,-2.49
98.81971538968995,-0.0,-0.0,0.0,0.0,0.0,0.0,86.49,1.77,-2.49
100.7567983088306,-0.0,-0.0,0.0,0.0,0.0,0.0,86.49,1.77,-2.49
100.72050524698028,-0.0,-0.0,0.0,0.0,0.0,0.0,86.49,1.77,-2.49
100.50811147588124,-0.0,-0.0,0.0,0.0,0.0,0.0,86.49,1.77,-2.49
102.19042978267225,0.0,-0.06,-0.0,0.0,0.0,0.0,86.49,1.77,-2.49
98.9759539372773,0.0,-0.06,-0.0,0.0,0.0,0.0,86.49,1.77,-2.49
99.80734818199124,0.0,-0.06,-0.0,0.0,0.0,0.0,86.49,1.77,-2.48
91.87960569550931,0.0,-0.06,-0.0,0.0,0.0,0.0,86.49,1.76,-2.48
104.06927524005657,0.0,-0.06,-0.0,0.0,0.0,0.0,86.49,1.76,-2.48
100.73501933376563,-0.0,-0.0,0.0,0.0,-0.0,0.0,86.5,1.76,-2.48
101.08948928683328,-0.0,-0.0,0.0,0.0,-0.0,0.0,86.5,1.76,-2.48
98.34241500586167,-0.0,0.06,0.0,0.0,0.0,0.0,86.5,1.76,-2.48
99.72666317941889,-0.0,0.06,0.0,0.0,0.0,0.0,86.5,1.76,-2.48
101.22367023844001,-0.06,-0.0,0.0,0.0,0.0,0.0,86.49,1.76,-2.49
104.57785423990825,-0.06,0.11,0.0,0.0,0.0,0.0,86.49,1.77,-2.49
98.1559991575203,-0.06,0.11,0.0,0.0,0.0,0.0,86.49,1.77,-2.49
99.27111784336465,-0.0,-0.06,-0.06,0.0,0.0,0.0,86.48,1.77,-2.49
101.23099944488692,-0.0,-0.06,-0.06,0.0,0.0,0.0,86.48,1.77,-2.49
98.6662902846389,0.06,0.0,-0.06,0.0,0.0,0.0,86.47,1.78,-2.49
105.47462656540763,0.06,0.0,-0.06,0.0,0.0,0.0,86.47,1.78,-2.49
84.85340886101558,0.0,-0.06,-0.0,0.0,0.0,0.0,86.47,1.78,-2.49
85.08751572199456,0.0,-0.06,-0.0,0.0,0.0,0.0,86.47,1.78,-2.49
70.89643515153564,0.0,-0.06,-0.0,0.0,0.0,0.0,86.47,1.78,-2.49
88.57712451427606,0.0,-0.06,-0.0,0.0,0.0,0.0,86.47,1.78,-2.49
88.13599781462102,-0.0,-0.0,0.0,0.0,0.0,0.0,86.45,1.78,-2.49
112.77132793805286,-0.0,-0.0,0.0,0.0,0.0,0.0,86.45,1.78,-2.49
153.54751793820472,-0.0,0.06,0.0,0.0,0.0,-0.0,86.45,1.78,-2.49
192.78838021695165,-0.0,0.06,0.0,0.0,0.0,0.0,86.43,1.79,-2.5
108.97975939927768,-0.0,0.06,0.0,0.0,0.0,0.0,86.43,1.79,-2.5
106.53553467106934,-0.0,0.06,0.0,0.0,0.0,0.0,86.43,1.79,-2.5
101.31658534228707,-0.06,-0.0,0.0,0.0,0.0,0.0,86.42,1.79,-2.5
99.88816384853537,-0.06,0.11,0.0,0.0,0.0,0.0,86.41,1.8,-2.5
101.32882371415457,-0.06,0.11,0.0,0.0,0.0,0.0,86.41,1.8,-2.5
100.41426861383768,-0.0,0.06,0.0,0.0,0.0,0.0,86.41,1.8,-2.51
102.53517821346502,0.0,-0.06,0.06,0.0,0.0,0.0,86.4,1.8,-2.51
88.58647855196739,0.06,0.0,-0.0,0.0,0.0,-0.0,86.37,1.82,-2.53
101.16019487723699,0.06,0.0,-0.0,0.0,0.0,-0.0,86.37,1.82,-2.53
101.35086023583993,0.0,-0.11,-0.0,0.0,0.0,-0.0,86.37,1.82,-2.52
102.09093564404634,0.06,0.0,-0.0,0.0,0.0,0.0,86.36,1.82,-2.52
100.94108586830959,0.06,0.0,-0.0,0.0,0.0,0.0,86.36,1.82,-2.52
98.5341696619447,0.06,0.0,-0.0,0.0,0.0,0.0,86.36,1.82,-2.52
101.54470403098898,-0.0,-0.0,0.0,0.0,0.0,0.0,86.35,1.82,-2.52
100.28701910432059,-0.0,0.06,0.0,0.0,0.0,0.0,86.34,1.82,-2.52
100.7084133691894,-0.0,0.06,0.0,0.0,0.0,0.0,86.34,1.82,-2.52
102.36501195880314,-0.06,0.06,0.0,0.0,0.0,0.0,86.34,1.82,-2.52
98.75224260118193,-0.06,0.06,0.0,0.0,0.0,0.0,86.34,1.82,-2.52
101.34351366371082,-0.0,-0.0,0.0,0.0,0.0,0.0,86.34,1.82,-2.53
101.24321714782273,-0.0,-0.0,0.0,0.0,0.0,0.0,86.34,1.82,-2.53
92.8148705465811,-0.0,-0.0,0.0,0.0,0.0,-0.0,86.34,1.82,-2.52
100.92894097263999,-0.0,-0.0,0.0,0.0,0.0,-0.0,86.34,1.82,-2.52
98.09860604359622,0.0,-0.06,-0.0,0.0,0.0,0.0,86.33,1.82,-2.52
100.63592302893613,0.0,-0.06,-0.0,0.0,0.0,0.0,86.33,1.82,-2.52
100.57800585103831,0.06,-0.06,-0.0,0.0,0.0,0.0,86.33,1.82,-2.52
102.4,-0.0,0.06,0.0,0.0,0.0,0.0,86.32,1.82,-2.52
101.47837027000871,-0.0,0.06,0.0,0.0,0.0,0.0,86.32,1.82,-2.52
98.48327032801897,-0.0,0.06,0.0,0.0,0.0,0.0,86.32,1.82,-2.52
101.31903278015315,-0.0,0.06,0.0,0.0,0.0,0.0,86.32,1.82,-2.52
99.84536278804038,-0.0,0.11,0.0,0.0,0.0,0.0,86.31,1.83,-2.52
93.98789943082508,-0.0,0.11,0.0,0.0,0.0,0.0,86.31,1.83,-2.52
101.14555802064243,-0.06,0.06,0.0,0.0,0.0,0.0,86.31,1.83,-2.52
98.62221072679819,-0.06,0.06,0.0,0.0,0.0,0.0,86.31,1.83,-2.52
100.82461538461538,-0.06,-0.0,0.0,0.0,0.0,0.0,86.3,1.83,-2.53
100.37341757005767,-0.06,-0.0,0.0,0.0,0.0,0.0,86.3,1.83,-2.53
102.1182772137414,-0.06,-0.0,0.0,0.0,0.0,0.0,86.31,1.83,-2.52
99.01333773990227,-0.06,-0.0,0.0,0.0,0.0,0.0,86.31,1.83,-2.52
101.29945658736868,0.06,-0.06,-0.0,0.0,0.0,0.0,86.32,1.82,-2.52
100.20795107033639,0.06,-0.06,-0.0,0.0,0.0,0.0,86.32,1.82,-2.52
101.8851021449219,-0.0,-0.0,0.0,0.0,0.0,0.0,86.32,1.82,-2.52
98.44166451522051,-0.0,-0.0,0.0,0.0,0.0,0.0,86.32,1.82,-2.52
101.16263476520103,-0.0,-0.0,0.0,0.0,0.0,0.0,86.32,1.82,-2.52
101.31413802265756,-0.0,0.11,0.0,0.0,0.0,0.0,86.3,1.82,-2.52
90.31467883981827,-0.0,0.11,0.0,0.0,0.0,0.0,86.3,1.82,-2.52
104.84187371894215,-0.06,0.06,0.0,0.0,0.0,0.0,86.3,1.82,-2.52
97.67142491209277,-0.06,-0.0,0.0,0.0,0.0,0.0,86.29,1.83,-2.53
101.13336387529236,-0.06,-0.0,0.0,0.0,0.0,0.0,86.29,1.83,-2.53
101.12361067579623,-0.06,-0.0,0.0,0.0,0.0,0.0,86.29,1.83,-2.53
100.36381038979684,-0.0,-0.0,0.0,0.0,0.0,0.0,86.29,1.83,-2.53
104.00476096012696,-0.0,-0.0,0.0,0.0,0.0,0.0,86.27,1.83,-2.53
97.63277467411545,-0.0,-0.0,0.0,0.0,0.0,0.0,86.27,1.83,-2.53
101.23099944488692,0.0,-0.11,-0.0,0.0,0.0,0.0,86.26,1.83,-2.53
100.52015529885443,0.0,-0.06,-0.0,0.0,0.0,0.0,86.25,1.83,-2.53
100.48884736098134,-0.0,0.06,0.0,0.0,0.0,0.0,86.24,1.84,-2.53
103.7398036160372,-0.0,0.06,0.0,0.0,0.0,0.0,86.24,1.84,-2.53
98.59207371538714,-0.0,0.06,0.0,0.0,0.0,0.0,86.24,1.84,-2.54
92.0611062335382,-0.12,0.11,0.0,0.0,0.0,0.0,86.23,1.84,-2.54
99.90719832309085,0.06,-0.11,-0.0,0.0,0.0,-0.0,86.23,1.84,-2.54
101.34596240274489,0.06,-0.11,-0.0,0.0,0.0,-0.0,86.23,1.84,-2.54
102.74364941332092,0.06,-0.11,-0.0,0.0,0.0,-0.0,86.23,1.84,-2.54
97.31789600686791,0.06,-0.11,-0.0,0.0,0.0,0.0,86.22,1.84,-2.54
101.5078412391094,0.06,-0.11,-0.0,0.0,0.0,0.0,86.22,1.84,-2.54
104.31516116195782,0.06,-0.11,-0.06,0.0,0.0,0.0,86.21,1.84,-2.54
95.32725743766903,0.06,-0.11,-0.06,0.0,0.0,0.0,86.21,1.84,-2.54
105.2655038273309,-0.0,-0.0,0.0,0.0,0.0,0.0,86.21,1.84,-2.54
97.65323275360295,-0.0,-0.0,0.0,0.0,0.0,0.0,86.21,1.84,-2.54
102.01892345486829,-0.06,0.11,0.0,0.0,0.0,0.0,86.2,1.84,-2.54
102.14065848431716,-0.0,0.06,0.0,0.0,0.0,0.0,86.2,1.84,-2.54
102.36251372788286,-0.0,0.06,0.0,0.0,0.0,0.0,86.2,1.84,-2.54
100.70357743097239,-0.0,0.06,0.0,0.0,0.0,0.0,86.2,1.84,-2.54
89.81571339857385,-0.0,0.06,0.0,0.0,0.0,0.0,86.2,1.84,-2.54
101.1748359706677,-0.0,0.06,0.0,0.0,0.0,0.0,86.2,1.84,-2.54
99.95005242588886,0.06,-0.17,-0.0,0.0,0.0,0.0,86.18,1.84,-2.54
102.49007917114652,0.06,0.0,-0.0,0.0,0.0,0.0,86.17,1.85,-2.54
100.53702150099475,0.06,0.0,-0.0,0.0,0.0,0.0,86.17,1.85,-2.54
98.82670059612167,0.06,0.0,-0.0,0.0,0.0,0.0,86.17,1.85,-2.54
101.76150617463668,0.06,0.0,-0.0,0.0,0.0,0.0,86.17,1.85,-2.54
100.62385145023151,0.06,0.0,-0.0,0.0,0.0,0.0,86.17,1.85,-2.54
102.75120039196473,0.06,0.0,-0.0,0.0,0.0,0.0,86.16,1.85,-2.54
100.70115963602315,0.06,0.0,-0.0,0.0,0.0,0.0,86.16,1.85,-2.54
97.81264429467596,0.06,0.0,-0.0,0.0,0.0,0.0,86.16,1.85,-2.54
101.3998646165748,-0.06,0.17,0.0,0.0,0.0,0.0,86.15,1.85,-2.54
99.64137406756308,-0.06,0.17,0.0,0.0,0.0,0.0,86.15,1.85,-2.54
101.7318877489146,-0.06,0.17,0.0,0.0,0.0,0.0,86.15,1.85,-2.54
94.38977405707084,-0.0,0.06,0.0,0.0,0.0,0.0,86.15,1.85,-2.54
101.12848704038578,0.0,-0.06,-0.0,0.0,0.0,-0.0,86.14,1.84,-2.54
97.79896005782638,0.0,-0.06,-0.0,0.0,0.0,-0.0,86.14,1.84,-2.54
102.16553807180786,0.06,-0.11,-0.0,0.0,0.0,0.0,86.14,1.84,-2.54
100.40705719005099,0.06,-0.11,-0.0,0.0,0.0,0.0,86.14,1.84,-2.54
99.23588700137226,-0.0,-0.0,0.0,0.0,0.0,0.0,86.13,1.84,-2.54
102.48256652087863,-0.0,-0.0,0.0,0.0,0.0,0.0,86.13,1.84,-2.54
100.43109929842205,-0.0,-0.0,0.0,0.0,0.0,0.0,86.13,1.84,-2.54
102.79652958188323,-0.0,0.06,0.0,0.0,0.0,0.0,86.13,1.84,-2.53
98.15829627896092,-0.0,0.06,0.0,0.0,0.0,0.0,86.13,1.84,-2.53
100.39984680199157,-0.0,0.06,0.0,0.0,0.0,0.0,86.13,1.84,-2.53
100.40705719005099,-0.0,0.06,0.0,0.0,0.0,0.0,86.13,1.84,-2.53
99.57277496854451,-0.0,-0.0,0.0,0.0,0.0,0.0,86.13,1.84,-2.53
95.08090585541677,0.0,-0.11,-0.0,0.0,0.0,0.0,86.13,1.84,-2.53
96.93330251906633,0.0,-0.11,-0.0,0.0,0.0,0.0,86.13,1.84,-2.53
101.8010242469843,0.0,-0.11,-0.0,0.0,0.0,0.0,86.13,1.84,-2.53
100.19119508874185,-0.0,-0.0,0.0,0.0,0.0,0.0,86.12,1.84,-2.54
103.78087343807992,0.0,-0.11,-0.0,0.0,0.0,0.0,86.12,1.84,-2.53
101.082180556225,0.0,-0.11,-0.0,0.0,0.0,0.0,86.12,1.84,-2.53
98.04357176250585,0.06,-0.06,-0.0,0.0,0.0,0.0,86.12,1.84,-2.53
101.20901500892813,-0.06,0.11,0.0,0.0,0.0,0.0,86.11,1.83,-2.53
100.50088656730723,-0.06,0.11,0.0,0.0,0.0,0.0,86.11,1.83,-2.53
90.75829835114901,-0.06,0.11,0.0,0.0,0.0,0.0,86.11,1.83,-2.53
103.95320709824527,-0.0,-0.0,0.0,0.0,0.0,0.0,86.1,1.84,-2.53
98.11925983109926,-0.0,-0.0,0.0,0.0,0.0,0.0,86.11,1.83,-2.53
101.02131554228184,-0.0,-0.0,0.0,0.0,0.0,0.0,86.11,1.83,-2.53
100.62867973417144,-0.0,-0.0,0.0,0.0,0.0,0.0,86.12,1.83,-2.53
99.78360374934577,-0.0,-0.0,0.0,0.0,0.0,0.0,86.12,1.83,-2.53
104.63786049296478,-0.0,-0.0,0.0,0.0,0.0,0.0,86.12,1.83,-2.53
98.00233655778307,0.0,-0.06,-0.0,0.0,0.0,0.0,86.12,1.82,-2.52
102.08348139314138,0.0,-0.06,-0.0,0.0,0.0,0.0,86.12,1.82,-2.52
99.80734818199124,-0.0,-0.0,0.0,0.0,0.0,0.0,86.12,1.82,-2.52
103.1555336940482,-0.06,0.06,0.0,0.0,0.0,0.0,86.12,1.82,-2.52
102.57279107872148,-0.06,0.06,0.0,0.0,0.0,0.0,86.12,1.82,-2.52
97.88569161474014,-0.06,0.06,0.0,0.0,0.0,0.0,86.13,1.82,-2.52
101.42928999806539,-0.06,0.06,0.0,0.0,0.0,0.0,86.13,1.82,-2.52
91.47682711391245,-0.0,-0.0,0.0,0.0,0.0,0.0,86.13,1.81,-2.52
102.32505489143693,-0.0,-0.0,0.0,0.0,0.0,0.0,86.12,1.81,-2.52
100.15530827642199,-0.0,-0.0,0.0,0.0,0.0,0.0,86.12,1.81,-2.52
99.91909855397003,-0.0,-0.0,0.0,0.0,0.0,0.0,86.1,1.81,-2.52
102.25271215778054,-0.0,-0.0,0.0,0.0,0.0,0.0,86.1,1.81,-2.52
97.67824871914299,-0.0,0.06,0.0,0.0,0.0,-0.0,86.1,1.81,-2.52
100.13378852627307,-0.0,0.06,0.0,0.0,0.0,0.0,86.1,1.82,-2.52
102.20288018713906,-0.0,0.06,0.0,0.0,0.0,0.0,86.1,1.82,-2.52
91.76100986676585,-0.0,0.06,0.0,0.0,0.0,0.0,86.1,1.82,-2.52
100.74711760184474,0.0,-0.06,-0.0,0.0,0.0,0.0,86.1,1.82,-2.52
102.44251764648413,0.0,-0.06,-0.0,0.0,0.0,0.0,86.1,1.82,-2.52
98.93159732050194,-0.0,-0.0,0.0,0.0,0.0,0.0,86.1,1.81,-2.52
101.01888246628131,-0.0,-0.0,0.0,0.0,0.0,0.0,86.1,1.81,-2.52
101.40967117988394,-0.0,-0.0,0.0,0.0,0.0,0.0,86.1,1.81,-2.52
100.01678748569249,0.0,-0.06,-0.0,0.0,0.0,0.0,86.1,1.81,-2.52
101.2578822847762,0.0,-0.06,-0.0,0.0,0.0,0.0,86.1,1.81,-2.52
101.4243845819026,0.0,-0.06,-0.0,0.0,0.0,0.0,86.1,1.81,-2.52
101.38025717876825,-0.0,0.11,0.0,0.0,0.0,0.0,86.09,1.82,-2.52
101.58405386422534,-0.0,0.11,0.0,0.0,0.0,0.0,86.09,1.82,-2.52
97.61232516465358,-0.0,0.11,0.0,0.0,0.0,0.0,86.09,1.82,-2.52
102.14065848431716,-0.0,0.11,0.0,0.0,0.0,0.0,86.09,1.82,-2.52
91.3771813250256,-0.0,0.06,0.0,0.0,0.0,0.0,86.09,1.82,-2.52
102.25769802764707,-0.0,0.06,0.0,0.0,0.0,0.0,86.08,1.82,-2.52
100.38783178956942,-0.0,0.06,0.0,0.0,0.0,0.0,86.08,1.82,-2.52
100.49847849526776,-0.0,0.11,0.06,0.0,0.0,-0.0,86.08,1.82,-2.52
100.66490663850621,-0.0,-0.0,0.0,0.0,0.0,-0.0,86.08,1.82,-2.52
102.31507049812167,-0.0,0.06,0.0,0.0,0.0,0.0,86.07,1.82,-2.52
101.20168898540234,-0.0,0.06,0.0,0.0,0.0,0.0,86.07,1.82,-2.52
97.93597496906158,0.06,0.0,-0.0,0.0,0.0,0.0,86.07,1.82,-2.52
100.89980514325579,0.0,-0.11,-0.0,0.0,0.0,0.0,86.06,1.82,-2.52
101.05539091675702,0.06,-0.06,-0.0,0.0,0.0,0.0,86.06,1.82,-2.52
101.94701278498857,0.06,-0.06,-0.0,0.0,0.0,0.0,86.06,1.82,-2.52
101.02861547355236,0.06,-0.06,-0.0,0.0,0.0,0.0,86.06,1.82,-2.52
99.51607469096258,-0.0,0.11,0.0,0.0,0.0,0.0,86.04,1.83,-2.52
101.21389961389961,-0.0,0.11,0.0,0.0,0.0,0.0,86.04,1.83,-2.52
90.74651665945478,-0.0,0.11,0.0,0.0,0.0,0.0,86.04,1.83,-2.52
102.92012857949108,-0.0,0.11,0.0,0.0,0.0,0.0,86.04,1.83,-2.52
97.91768413680401,-0.0,-0.0,0.0,0.0,0.0,0.0,86.04,1.83,-2.52
101.48819202477739,-0.0,-0.0,0.0,0.0,0.0,0.0,86.04,1.83,-2.52
100.78827345908927,-0.0,0.06,0.0,0.0,0.0,0.0,86.04,1.83,-2.52
101.43174288408987,-0.0,0.06,0.0,0.0,0.0,0.0,86.04,1.83,-2.52
100.03587101698149,-0.06,0.11,0.0,0.0,0.0,0.0,86.03,1.83,-2.52
99.99532721420908,0.0,-0.17,-0.0,0.0,0.0,0.0,86.02,1.83,-2.52
101.35575854236141,0.0,-0.17,-0.0,0.0,0.0,0.0,86.02,1.83,-2.52
101.05539091675702,0.0,-0.06,-0.0,0.0,0.0,0.0,86.02,1.83,-2.52
93.04754087450362,0.0,-0.06,-0.0,0.0,0.0,0.0,86.02,1.83,-2.52
100.33019973687358,0.0,-0.11,-0.0,0.0,0.0,0.0,86.01,1.83,-2.52
92.46701940035274,0.0,-0.11,-0.0,0.0,0.0,0.0,86.01,1.83,-2.52
98.9596073990185,0.0,-0.17,-0.0,0.0,0.0,-0.0,86.01,1.83,-2.52
101.73682295582992,0.0,-0.0,0.06,0.0,0.0,0.0,85.99,1.83,-2.52
101.51029792589365,0.0,-0.0,0.06,0.0,0.0,0.0,85.99,1.83,-2.52
102.32505489143693,0.0,-0.0,0.06,0.0,0.0,0.0,85.99,1.83,-2.52
100.33740012439596,-0.0,0.11,0.0,0.0,0.0,0.0,85.99,1.83,-2.52
98.20886016671349,-0.0,-0.0,0.0,0.0,0.0,-0.0,85.99,1.83,-2.52
99.3863797924269,-0.0,-0.0,0.0,0.0,0.0,-0.0,85.99,1.83,-2.52
102.12324998173894,-0.0,-0.06,-0.06,0.0,0.0,0.0,85.99,1.83,-2.52
102.75371763149514,-0.0,-0.0,0.0,0.0,0.0,0.0,85.99,1.82,-2.52
99.79784905301227,0.0,-0.06,-0.0,0.0,0.0,0.0,86.0,1.82,-2.52
99.88816384853537,0.0,-0.06,-0.0,0.0,0.0,0.0,86.0,1.82,-2.52
96.21949484985433,0.0,-0.11,-0.0,0.0,0.0,0.0,86.0,1.82,-2.52
109.26935000651297,0.06,-0.06,-0.0,0.0,0.0,0.0,86.0,1.81,-2.51
90.96892012058906,0.06,-0.06,-0.0,0.0,0.0,0.0,86.0,1.81,-2.51
102.51262373212758,-0.0,0.0,-0.06,0.0,0.0,0.0,85.99,1.81,-2.51
99.44764795144158,-0.0,-0.0,0.0,0.0,0.0,0.0,85.99,1.81,-2.51
101.59881791536468,-0.0,-0.0,0.0,0.0,0.0,0.0,85.99,1.81,-2.51
99.83348011329826,-0.0,-0.0,0.0,0.0,0.0,0.0,85.99,1.81,-2.51
103.35889600788566,-0.0,0.0,-0.06,0.0,0.0,0.0,85.99,1.81,-2.51
99.3040225394796,0.0,-0.06,-0.0,0.0,0.0,0.0,85.98,1.81,-2.51
99.89292178717729,0.0,-0.06,-0.0,0.0,0.0,0.0,85.98,1.81,-2.51
100.28701910432059,0.0,-0.06,-0.0,0.0,0.0,0.0,85.98,1.81,-2.51
99.221801665405,0.0,-0.06,-0.0,0.0,0.0,0.0,85.98,1.81,-2.51
105.0624718200491,-0.0,-0.0,0.0,0.0,0.0,0.0,85.98,1.81,-2.51
100.29181511680734,-0.0,-0.0,0.0,0.0,0.0,0.0,85.98,1.81,-2.51
100.27742845530399,-0.0,-0.0,0.0,0.0,0.0,0.0,85.98,1.81,-2.51
91.41302879061962,-0.0,0.06,0.0,0.0,0.0,0.0,85.97,1.81,-2.52
98.83368679014092,-0.0,0.06,0.0,0.0,0.0,0.0,85.97,1.81,-2.52
100.51052000958543,0.06,0.11,-0.06,0.0,0.0,0.0,85.97,1.81,-2.51
100.71083151247389,0.0,-0.06,-0.0,0.0,0.0,0.0,85.98,1.8,-2.5
100.38542913216217,0.0,-0.06,-0.0,0.0,0.0,0.0,85.98,1.8,-2.5
102.08596602248942,0.0,-0.06,-0.0,0.0,0.0,0.0,85.98,1.8,-2.5
100.57800585103831,0.0,-0.06,-0.0,0.0,0.0,0.0,85.98,1.8,-2.5
101.07000168678763,-0.0,0.06,0.0,0.0,0.0,0.0,85.99,1.79,-2.5
99.94290752257726,-0.0,0.06,0.0,0.0,0.0,0.0,85.99,1.79,-2.5
101.66530928834594,-0.06,-0.0,0.0,0.0,0.0,0.0,85.99,1.79,-2.5
100.63350848148949,-0.06,0.06,0.06,0.0,0.0,0.0,85.98,1.8,-2.5
102.60792132495047,0.06,-0.06,-0.0,0.0,0.0,0.0,85.98,1.79,-2.5
102.28014046039797,0.06,-0.06,-0.0,0.0,0.0,0.0,85.98,1.79,-2.5
89.64295026608818,0.06,-0.06,-0.0,0.0,0.0,0.0,85.98,1.79,-2.49
99.66505085067959,-0.0,0.06,0.0,0.0,0.0,0.0,85.98,1.79,-2.49
101.92471628879007,-0.0,0.06,0.0,0.0,0.0,0.0,85.98,1.79,-2.49
100.07405993510211,-0.0,0.06,0.0,0.0,0.0,0.0,85.98,1.79,-2.49
104.45544653085621,-0.06,0.11,0.06,0.0,0.0,0.0,85.98,1.79,-2.49
98.52491132461066,-0.0,0.17,0.0,0.0,0.0,0.0,85.98,1.8,-2.49
101.05782575173477,-0.0,0.17,0.0,0.0,0.0,0.0,85.98,1.8,-2.49
101.51766869977733,-0.06,-0.0,0.0,0.0,0.0,0.0,85.98,1.8,-2.49
101.30190319775868,-0.0,-0.06,-0.06,0.0,0.0,-0.0,85.97,1.8,-2.5
99.51371358071557,-0.0,-0.06,-0.06,0.0,0.0,-0.0,85.97,1.8,-2.5
100.75195772279606,-0.0,-0.06,-0.06,0.0,0.0,-0.0,85.97,1.8,-2.5
101.436649012068,0.06,-0.11,-0.0,0.0,0.0,0.0,85.96,1.8,-2.5
100.85613292615481,0.0,-0.06,-0.0,0.0,0.0,0.0,85.96,1.8,-2.49
99.29461897208873,0.0,-0.06,-0.0,0.0,0.0,0.0,85.96,1.8,-2.49
95.22769894426155,0.0,-0.06,-0.0,0.0,0.0,0.0,85.96,1.8,-2.49
97.70100163056138,0.0,-0.06,-0.0,0.0,0.0,0.0,85.96,1.8,-2.49
104.99934912131377,0.06,-0.06,-0.0,0.0,0.0,0.0,85.96,1.8,-2.49
96.75441753171857,0.0,-0.11,-0.0,0.0,0.0,0.0,85.96,1.79,-2.49
100.49125497148881,0.0,-0.11,-0.0,0.0,0.0,0.0,85.96,1.79,-2.49
103.27236913379623,-0.0,-0.0,0.0,0.0,0.0,0.0,85.96,1.79,-2.49
98.62221072679819,-0.0,0.0,-0.06,0.0,0.0,0.0,85.96,1.79,-2.49
101.47346010548218,0.0,-0.06,-0.0,0.0,0.0,0.0,85.95,1.79,-2.49
101.10410991924792,0.0,-0.06,-0.0,0.0,0.0,0.0,85.95,1.79,-2.49
101.59389608816761,-0.0,0.11,0.0,0.0,0.0,0.0,85.96,1.79,-2.49
102.71345659360843,-0.12,0.06,0.0,0.0,-0.0,0.0,85.95,1.79,-2.5
98.27559221162633,-0.12,0.06,0.0,0.0,-0.0,0.0,85.95,1.79,-2.5
101.46855041610219,-0.12,0.06,0.0,0.0,-0.0,0.0,85.95,1.79,-2.5
91.86350694292348,-0.12,0.17,0.0,0.0,0.0,-0.0,85.95,1.79,-2.5
102.00403706315815,0.0,-0.06,-0.0,0.0,0.0,-0.0,85.95,1.79,-2.5
100.55389336401994,0.0,-0.06,-0.0,0.0,0.0,-0.0,85.95,1.79,-2.5
98.0275317269264,-0.0,-0.0,0.0,0.0,0.0,0.0,85.94,1.79,-2.5
102.05615845053288,-0.0,-0.0,0.0,0.0,0.0,0.0,85.94,1.79,-2.5
99.95481626233259,-0.0,-0.0,0.0,0.0,0.0,0.0,85.96,1.79,-2.49
99.76698936752219,-0.0,-0.0,0.0,0.0,0.0,0.0,85.96,1.79,-2.49
104.32813471631471,-0.06,-0.0,0.0,0.0,0.0,0.0,85.96,1.78,-2.49
98.02065903248422,-0.0,-0.0,0.0,0.0,-0.0,0.0,85.96,1.78,-2.49
101.53487133554431,-0.0,-0.0,0.0,0.0,-0.0,0.0,85.96,1.78,-2.49
100.13378852627307,-0.0,-0.0,0.0,0.0,-0.0,0.0,85.96,1.78,-2.49
102.08596602248942,-0.0,0.06,0.0,0.0,-0.0,0.0,85.96,1.78,-2.49
103.72184578861467,-0.0,0.11,0.0,0.0,0.0,-0.0,85.96,1.78,-2.49
98.55500728417688,-0.06,0.11,0.06,0.0,0.0,0.0,85.96,1.78,-2.49
92.15617515874585,-0.06,0.11,0.06,0.0,0.0,0.0,85.96,1.78,-2.49
100.60212990501775,-0.06,0.11,0.0,0.0,0.0,0.0,85.96,1.79,-2.49
101.43174288408987,-0.0,-0.0,0.0,0.0,0.0,0.0,85.96,1.78,-2.49
101.97427730908561,-0.0,-0.0,0.0,0.0,0.0,0.0,85.96,1.78,-2.49
99.52079724759759,-0.0,-0.0,0.0,0.0,0.0,0.0,85.96,1.78,-2.49
103.37927634822044,0.0,-0.06,-0.0,0.0,0.0,-0.0,85.97,1.77,-2.49
98.10778443113773,0.0,-0.06,-0.0,0.0,0.0,-0.0,85.97,1.77,-2.49
100.8658345958685,0.06,0.0,-0.0,0.0,0.0,0.0,85.98,1.77,-2.48
101.89252745117092,0.06,0.0,-0.0,0.0,0.0,0.0,85.98,1.77,-2.48
98.81738720697373,-0.0,0.11,0.0,0.0,0.0,0.0,85.98,1.76,-2.48
100.43831417624521,-0.0,-0.0,0.0,0.0,0.0,0.0,85.98,1.76,-2.48
100.74953760418919,0.0,-0.11,-0.0,0.0,-0.0,0.0,85.98,1.76,-2.48
99.51843591325392,0.0,-0.11,-0.0,0.0,-0.0,0.0,85.98,1.76,-2.48
102.61043154907526,0.0,-0.11,-0.0,0.0,-0.0,0.0,85.98,1.76,-2.48
92.38351578159072,0.0,-0.11,-0.0,0.0,0.0,0.0,85.98,1.76,-2.48
100.11944716301052,0.06,-0.06,-0.0,0.0,0.0,0.0,85.99,1.75,-2.48
102.45753230573808,0.06,-0.06,-0.0,0.0,0.0,0.0,85.99,1.75,-2.48
98.00691653425554,0.06,-0.11,-0.0,0.0,0.0,0.0,85.99,1.75,-2.48
102.28762346055359,0.0,-0.17,-0.06,0.0,0.0,0.0,85.99,1.75,-2.47
99.88816384853537,0.06,0.0,-0.0,-0.0,0.0,-0.0,85.99,1.75,-2.47
101.06026070404549,0.06,0.0,-0.0,-0.0,0.0,-0.0,85.99,1.75,-2.47
102.1829609959315,-0.0,-0.0,0.0,0.0,0.0,0.0,85.99,1.75,-2.47
98.09401749380233,-0.0,0.11,0.0,0.0,0.0,0.0,86.0,1.75,-2.46
104.08477057845498,-0.0,0.11,0.0,0.0,0.0,0.0,86.0,1.75,-2.46
98.8499917513139,-0.0,0.11,0.0,0.0,0.0,0.0,86.0,1.75,-2.46
100.0955540176121,-0.0,0.11,0.0,0.0,0.0,0.0,86.0,1.75,-2.46
103.86825487234096,-0.0,0.11,0.0,0.0,0.0,0.0,86.0,1.75,-2.46
98.31705773423033,-0.0,0.11,0.0,0.0,0.0,0.0,86.0,1.75,-2.46
91.83936938909568,-0.0,0.11,0.0,0.0,0.0,0.0,86.0,1.75,-2.46
101.05539091675702,-0.06,0.11,0.0,0.0,0.0,0.0,86.0,1.75,-2.46
99.95243428734838,-0.06,0.06,0.0,0.0,-0.0,0.0,86.01,1.75,-2.46
103.82454576959256,-0.06,0.06,0.0,0.0,-0.0,0.0,86.01,1.75,-2.46
97.899400135378,-0.0,0.11,0.0,0.0,-0.0,0.0,86.01,1.75,-2.46
102.07851249726204,-0.0,-0.0,0.0,0.0,0.0,0.0,86.01,1.75,-2.46
99.86200328563605,-0.0,-0.0,0.0,0.0,0.0,0.0,86.01,1.75,-2.46
102.1555847825028,-0.0,-0.0,0.0,0.0,0.0,0.0,86.01,1.75,-2.46
101.47837027000871,-0.0,-0.06,-0.06,0.0,0.0,0.0,86.01,1.74,-2.46
98.9993155049921,-0.0,-0.0,0.0,0.0,-0.0,0.0,86.03,1.73,-2.45
99.83348011329826,0.06,0.06,-0.0,0.0,-0.0,0.0,86.04,1.73,-2.45
102.09839098366642,-0.0,-0.0,0.0,0.0,0.0,0.0,86.04,1.73,-2.45
99.35812763538162,-0.0,-0.0,0.0,0.0,0.0,0.0,86.04,1.73,-2.45
102.40500024415255,-0.12,0.11,0.0,0.0,0.0,0.0,86.05,1.72,-2.45
91.24201092040288,-0.12,0.11,0.0,0.0,0.0,0.0,86.05,1.72,-2.45
101.03104901842707,-0.0,0.06,0.0,0.0,0.0,-0.0,86.05,1.72,-2.44
100.73985829230215,-0.0,0.06,0.0,0.0,0.0,0.0,86.06,1.72,-2.44
102.17549330085262,-0.0,0.06,0.0,0.0,0.0,0.0,86.06,1.72,-2.44
97.5442219586502,-0.06,0.06,0.0,0.0,0.0,0.0,86.06,1.72,-2.44
101.7689134760033,-0.06,0.06,0.0,0.0,0.0,0.0,86.06,1.72,-2.44
102.31257470423222,0.0,-0.06,0.06,0.0,-0.0,0.0,86.07,1.71,-2.44
100.84643312255055,0.0,-0.06,0.06,0.0,-0.0,0.0,86.07,1.71,-2.44
98.92926386300917,0.0,-0.11,-0.0,-0.0,0.0,0.0,86.08,1.71,-2.44
103.62446882102975,0.0,-0.17,-0.0,0.0,-0.0,-0.0,86.07,1.71,-2.44
98.98529724116773,0.0,-0.17,-0.0,0.0,-0.0,-0.0,86.07,1.71,-2.44
100.88524353577871,-0.0,-0.0,0.0,0.0,0.0,0.0,86.08,1.71,-2.44
101.66038101701488,-0.0,-0.0,0.0,0.0,0.0,0.0,86.08,1.71,-2.44
102.22280714581657,-0.0,0.06,0.0,0.0,0.0,0.0,86.09,1.7,-2.43
90.74848006231204,-0.0,0.06,0.0,0.0,0.0,0.0,86.09,1.7,-2.43
98.61525439668955,-0.0,0.06,0.0,0.0,0.0,0.0,86.09,1.7,-2.43
102.00155642023347,-0.0,0.06,0.0,0.0,0.0,0.0,86.09,1.7,-2.43
99.01100042490911,-0.0,-0.0,0.0,0.0,0.0,0.0,86.1,1.7,-2.43
100.72292397099082,-0.0,-0.0,0.0,0.0,0.0,0.0,86.1,1.7,-2.43
100.8149216421498,0.0,-0.06,-0.0,0.0,0.0,0.0,86.11,1.69,-2.42
101.19924721324132,0.0,-0.06,-0.0,0.0,0.0,0.0,86.11,1.69,-2.42
101.38025717876825,0.0,-0.06,-0.0,0.0,0.0,0.0,86.11,1.69,-2.42
102.44752204391686,-0.0,-0.0,0.0,-0.0,0.0,-0.0,86.12,1.69,-2.42
98.9456003774475,-0.0,-0.0,0.0,-0.0,0.0,-0.0,86.12,1.69,-2.42
100.22471265741117,-0.0,-0.0,0.0,-0.0,0.0,-0.0,86.12,1.69,-2.42
100.79796207733531,-0.0,-0.0,0.0,-0.0,0.0,-0.0,86.12,1.69,-2.42
89.93511589510474,-0.0,-0.0,0.0,-0.0,-0.0,0.0,86.12,1.68,-2.42
104.91005502751376,-0.0,-0.0,0.0,-0.0,-0.0,0.0,86.12,1.68,-2.42
97.80580169760283,-0.0,-0.0,0.0,-0.0,-0.0,0.0,86.12,1.68,-2.42
101.83315528794795,-0.0,0.06,0.0,-0.0,0.0,0.0,86.12,1.69,-2.42
104.49708505655488,-0.0,0.06,0.0,-0.0,0.0,0.0,86.12,1.69,-2.42
97.3269288780601,-0.0,0.06,0.0,-0.0,0.0,0.0,86.12,1.69,-2.42
103.56050467889682,0.0,-0.06,-0.0,0.0,0.0,0.0,86.13,1.68,-2.42
97.80124049806463,0.0,-0.06,-0.0,0.0,0.0,0.0,86.13,1.68,-2.42
101.65298950582874,-0.0,-0.0,0.0,0.0,0.0,0.0,86.14,1.68,-2.42
100.45996503077771,-0.0,-0.0,0.0,0.0,0.0,0.0,86.14,1.68,-2.42
100.21034523951738,0.0,-0.11,-0.0,0.0,0.0,0.0,86.14,1.68,-2.42
103.96093691907299,0.0,-0.11,-0.0,0.0,0.0,0.0,86.14,1.68,-2.42
97.11285019680481,0.06,-0.06,-0.0,-0.0,0.0,-0.0,86.14,1.68,-2.42
101.31903278015315,0.0,-0.06,-0.0,-0.0,-0.0,0.0,86.16,1.67,-2.41
91.63070738847381,-0.0,-0.0,0.0,0.0,-0.0,0.0,86.16,1.67,-2.41
102.26268438376204,-0.0,-0.0,0.0,0.0,-0.0,0.0,86.16,1.67,-2.41
101.90738131104524,-0.0,0.11,0.0,0.0,0.0,0.0,86.16,1.67,-2.41
97.80124049806463,-0.12,0.06,0.0,0.0,0.0,0.0,86.16,1.67,-2.41
101.21389961389961,0.0,-0.06,-0.0,0.0,0.0,0.0,86.17,1.67,-2.41
100.95323368714949,0.0,-0.06,-0.0,0.0,0.0,0.0,86.17,1.67,-2.41
91.03407561748492,-0.0,-0.0,0.0,0.0,0.0,0.0,86.17,1.67,-2.41
116.43728832380212,0.06,0.0,-0.0,0.0,-0.0,0.0,86.18,1.66,-2.41
102.19540958042981,0.06,0.0,-0.0,0.0,-0.0,0.0,86.18,1.66,-2.41
96.90866662045701,-0.0,-0.0,0.0,-0.0,-0.0,0.0,86.18,1.66,-2.41
101.02861547355236,-0.06,-0.0,0.0,0.0,-0.0,-0.0,86.19,1.66,-2.41
101.58159360620004,-0.06,-0.0,0.0,-0.0,0.0,0.0,86.2,1.66,-2.41
102.92265410286612,-0.06,-0.0,0.0,-0.0,0.0,0.0,86.2,1.66,-2.41
99.03905548996458,0.0,-0.0,0.06,-0.0,0.0,0.0,86.2,1.66,-2.41
90.78187091467902,-0.0,-0.0,0.0,0.0,0.0,0.0,86.21,1.66,-2.41
101.06026070404549,-0.0,-0.0,0.0,0.0,0.0,0.0,86.21,1.66,-2.41
101.8950027937711,0.0,-0.06,-0.0,0.0,0.0,0.0,86.21,1.66,-2.41
101.89747825664448,0.0,-0.06,-0.0,0.0,-0.0,0.0,86.21,1.66,-2.41
99.1866058126611,0.06,-0.06,-0.0,0.0,0.0,-0.0,86.21,1.66,-2.41
101.21634209319723,0.06,-0.06,-0.0,0.0,0.0,-0.0,86.21,1.66,-2.41
99.6555787873028,0.0,-0.11,-0.0,-0.0,0.0,-0.01,86.2,1.67,-2.41
103.14031377563566,0.0,-0.11,-0.0,-0.0,0.0,-0.01,86.2,1.67,-2.41
101.65298950582874,0.0,-0.11,-0.0,-0.0,0.0,-0.01,86.2,1.67,-2.41
97.82861407846246,0.0,-0.11,-0.0,-0.0,0.0,-0.01,86.2,1.67,-2.41
101.09923590522332,0.0,-0.11,-0.0,-0.0,0.0,-0.01,86.2,1.67,-2.41
102.12573654735817,0.06,0.17,-0.0,0.0,0.0,0.0,86.19,1.67,-2.41
101.04565275000603,0.0,-0.06,-0.0,-0.0,0.0,-0.0,86.19,1.67,-2.42
92.47313534845779,0.0,-0.06,-0.0,-0.0,0.0,-0.0,86.19,1.67,-2.42
97.11959617477481,0.0,-0.06,-0.0,-0.0,0.0,-0.0,86.19,1.67,-2.42
101.99907589795968,0.06,0.0,-0.0,-0.0,0.0,-0.0,86.19,1.67,-2.42
100.49847849526776,-0.0,-0.0,0.0,0.0,0.0,0.0,86.18,1.68,-2.42
102.97066260771365,-0.0,-0.0,0.0,0.0,0.0,0.0,86.18,1.68,-2.42
99.57277496854451,0.0,-0.06,-0.0,0.0,0.0,0.0,86.18,1.68,-2.42
99.83348011329826,0.06,0.0,-0.0,0.0,0.0,-0.0,86.17,1.68,-2.42
99.70295711704858,-0.0,-0.0,0.0,0.0,0.0,0.0,86.17,1.68,-2.42
101.04078437040785,-0.0,-0.0,0.0,0.0,0.0,0.0,86.17,1.68,-2.42
102.82677126746752,-0.0,0.0,-0.06,-0.0,0.0,0.0,86.17,1.68,-2.42
98.58743888679955,0.0,-0.06,-0.0,-0.0,0.0,0.0,86.17,1.69,-2.42
101.01644950747814,0.0,-0.06,-0.0,-0.0,0.0,0.0,86.17,1.69,-2.42
101.14555802064243,-0.0,-0.0,0.0,0.0,0.0,0.0,86.17,1.69,-2.43
93.06612230407384,0.06,-0.06,-0.0,0.0,0.0,0.0,86.16,1.69,-2.43
98.11237426900585,0.06,-0.06,-0.0,0.0,0.0,0.0,86.16,1.69,-2.43
101.00428647112652,0.06,-0.06,-0.0,0.0,0.0,0.0,86.16,1.69,-2.43
100.53943142048996,0.06,0.0,0.06,0.0,0.0,0.0,86.16,1.69,-2.43
98.62221072679819,-0.0,0.11,-0.06,0.0,0.0,0.0,86.14,1.7,-2.43
105.57285610007803,-0.0,0.11,-0.06,0.0,0.0,0.0,86.14,1.7,-2.43
97.39699052572915,-0.0,0.23,0.0,0.0,0.0,0.0,86.14,1.71,-2.44
101.30434992633384,-0.0,0.06,0.0,0.0,0.0,0.0,86.13,1.71,-2.44
101.46118677278115,-0.0,0.06,0.0,0.0,0.0,0.0,86.13,1.71,-2.44
93.0785140473126,-0.0,0.06,0.0,0.0,0.0,0.0,86.13,1.71,-2.44
100.29181511680734,-0.06,0.06,0.0,0.0,0.0,0.0,86.13,1.71,-2.44
97.73287352036536,0.06,-0.11,-0.0,0.0,0.0,0.0,86.12,1.72,-2.44
103.01112557408453,0.06,-0.11,-0.0,0.0,0.0,0.0,86.12,1.72,-2.44
100.70115963602315,0.0,-0.11,-0.0,0.0,0.0,0.0,86.12,1.72,-2.45
101.69982057126231,-0.0,0.0,-0.06,0.0,-0.0,0.0,86.11,1.72,-2.45
100.64799750437933,-0.0,0.0,-0.06,0.0,-0.0,0.0,86.11,1.72,-2.45
98.1766771218576,-0.0,0.0,-0.06,0.0,-0.0,0.0,86.11,1.72,-2.45
102.7033962633757,-0.0,0.0,-0.06,0.0,-0.0,0.0,86.11,1.72,-2.45
99.72192106514503,-0.0,-0.0,0.0,0.0,0.0,0.0,86.11,1.72,-2.45
101.24810505479651,-0.0,0.06,0.0,0.0,0.0,-0.0,86.1,1.72,-2.45
102.36501195880314,-0.0,0.06,0.0,0.0,0.0,-0.0,86.1,1.72,-2.45
98.90360309375589,-0.0,0.06,0.0,0.0,0.0,0.0,86.1,1.72,-2.45
91.15079865261328,-0.0,0.06,0.0,0.0,0.0,0.0,86.1,1.72,-2.45
100.50329475475044,-0.0,0.06,0.0,0.0,0.0,-0.0,86.1,1.73,-2.45
101.02618204590891,-0.0,0.06,0.0,0.0,0.0,-0.0,86.1,1.73,-2.45
104.16749037625729,-0.06,0.17,0.0,0.0,-0.0,0.0,86.11,1.73,-2.45
97.0858756539049,-0.0,-0.0,0.0,0.0,0.0,-0.0,86.11,1.73,-2.45
102.34752690271101,-0.0,-0.0,0.0,0.0,0.0,-0.0,86.11,1.73,-2.45
100.58282973621102,-0.0,-0.0,0.0,0.0,0.0,-0.0,86.11,1.73,-2.45
102.4450197840848,-0.0,-0.0,0.0,0.0,0.0,-0.0,86.11,1.73,-2.45
99.95243428734838,0.12,-0.06,-0.0,0.0,0.0,0.0,86.1,1.72,-2.45
98.39086068169556,0.12,-0.06,-0.0,0.0,0.0,0.0,86.1,1.72,-2.45
100.8221917742362,-0.0,-0.0,0.0,0.0,0.0,0.0,86.1,1.72,-2.45
101.96436124954418,0.0,-0.06,-0.0,0.0,0.0,0.0,86.1,1.72,-2.45
100.62867973417144,0.0,-0.06,-0.0,0.0,0.0,0.0,86.1,1.72,-2.45
102.60792132495047,0.0,-0.06,-0.0,0.0,0.0,0.0,86.1,1.72,-2.45
98.82437208425615,-0.06,0.06,0.0,-0.0,0.0,-0.0,86.09,1.73,-2.45
91.71686602086112,-0.0,-0.0,0.0,0.0,-0.0,-0.0,86.09,1.74,-2.46
100.32060082757302,-0.0,-0.0,0.0,0.0,-0.0,-0.0,86.09,1.74,-2.46
101.83562774661908,-0.0,-0.0,0.0,0.0,-0.0,0.0,86.09,1.74,-2.46
102.5401916682965,0.06,-0.11,0.06,0.0,0.0,0.0,86.09,1.73,-2.46
99.73377719652835,0.06,-0.11,0.06,0.0,0.0,0.0,86.09,1.73,-2.46
99.62717339667458,0.06,-0.11,0.06,0.0,0.0,0.0,86.09,1.73,-2.46
100.69390694771211,-0.0,-0.0,0.0,0.0,0.0,0.0,86.09,1.73,-2.46
100.9362275593204,0.0,-0.17,-0.0,0.0,0.0,0.0,86.09,1.73,-2.45
99.92624005336637,0.0,-0.17,-0.0,0.0,0.0,0.0,86.09,1.73,-2.45
101.24077337130996,0.0,-0.17,-0.0,0.0,0.0,0.0,86.09,1.73,-2.45
101.70721889473556,0.0,-0.17,-0.0,0.0,0.0,0.0,86.09,1.73,-2.45
102.53016524885108,0.0,-0.17,-0.0,0.0,0.0,0.0,86.09,1.73,-2.45
97.11959617477481,0.0,-0.11,-0.0,0.0,0.0,0.0,86.09,1.72,-2.45
102.30259274616454,0.0,-0.11,-0.0,0.0,0.0,0.0,86.09,1.72,-2.45
90.4198158966952,0.0,-0.11,-0.0,0.0,0.0,0.0,86.09,1.72,-2.45
102.5577426217082,0.0,-0.06,-0.0,0.0,-0.0,0.0,86.09,1.72,-2.45
100.92894097263999,0.0,-0.06,-0.0,0.0,-0.0,0.0,86.09,1.72,-2.45
97.9725771413889,0.0,-0.11,-0.0,0.0,-0.0,0.0,86.09,1.72,-2.45
101.7639751552795,0.0,-0.11,-0.0,0.0,-0.0,0.0,86.09,1.72,-2.45
102.72100313479623,-0.0,-0.0,0.0,0.0,0.0,0.0,86.07,1.73,-2.46
98.04815559399691,-0.0,-0.0,0.0,0.0,0.0,0.0,86.07,1.73,-2.46
104.25293298866573,0.0,-0.0,0.06,0.0,0.0,0.0,86.07,1.73,-2.46
98.1812734082397,0.0,-0.0,0.06,0.0,0.0,0.0,86.07,1.73,-2.46
102.30508805307576,0.0,-0.0,0.06,0.0,0.0,0.0,86.07,1.73,-2.46
100.72776176753122,0.0,-0.0,0.06,0.0,0.0,0.0,86.07,1.73,-2.46
100.25585620040157,0.0,-0.0,0.06,0.0,0.0,0.0,86.07,1.73,-2.46
102.11579101134538,0.0,-0.0,0.06,0.0,0.0,0.0,86.07,1.73,-2.46
101.23588617218991,0.0,-0.0,0.06,0.0,0.0,0.0,86.07,1.73,-2.46
88.73828967968518,0.0,-0.0,0.06,0.0,0.0,0.0,86.07,1.73,-2.46
101.12604879930562,-0.0,-0.0,0.0,0.0,0.0,0.0,86.07,1.73,-2.46
100.24387562438756,-0.0,-0.0,0.0,0.0,0.0,0.0,86.07,1.73,-2.46
103.43791462181558,-0.0,-0.0,0.0,0.0,0.0,0.0,86.07,1.73,-2.46
99.51843591325392,-0.0,-0.0,0.0,0.0,0.0,0.0,86.07,1.73,-2.46
99.49010863892974,0.0,-0.11,-0.0,0.0,0.0,0.0,86.06,1.73,-2.46
101.53487133554431,0.06,0.0,-0.0,-0.0,0.0,0.0,86.08,1.72,-2.45
103.90427824708301,0.06,0.0,-0.0,-0.0,0.0,0.0,86.08,1.72,-2.45
100.19358845731212,0.06,-0.06,-0.0,-0.0,0.0,0.0,86.08,1.72,-2.45
97.11509875199704,-0.0,0.06,0.0,0.0,0.0,0.0,86.06,1.73,-2.46
102.04870927714654,-0.0,-0.0,0.0,0.0,0.0,0.0,86.06,1.74,-2.46
100.3422009569378,-0.0,-0.0,0.0,0.0,0.0,0.0,86.06,1.74,-2.46
90.37111091958977,-0.0,-0.0,0.0,0.0,0.0,0.0,86.06,1.74,-2.46
104.87857571514303,-0.0,0.11,0.0,0.0,0.0,0.0,86.06,1.74,-2.46
98.03898835959048,0.0,-0.06,-0.0,0.0,0.0,0.0,86.05,1.74,-2.46
101.52504054413865,0.0,-0.06,-0.0,0.0,0.0,0.0,86.04,1.74,-2.46
101.33371989079751,0.0,-0.06,-0.0,0.0,0.0,0.0,86.04,1.74,-2.46
101.21634209319723,0.0,-0.06,-0.0,0.0,-0.0,0.0,86.04,1.74,-2.46
100.39263744943632,-0.06,-0.0,0.0,0.0,0.0,0.0,86.03,1.74,-2.47
101.87767792081613,-0.06,0.11,0.06,0.0,0.0,0.0,86.02,1.75,-2.48
100.34460154549151,-0.06,0.06,0.0,0.0,0.0,0.0,86.02,1.75,-2.48
101.7837313143079,-0.06,0.06,0.0,0.0,0.0,0.0,86.02,1.75,-2.48
98.36317159541287,-0.0,0.06,0.0,0.0,0.0,0.0,86.02,1.76,-2.47
100.4118646908142,-0.0,0.06,0.0,0.0,0.0,0.0,86.02,1.76,-2.47
101.26277160791888,-0.06,-0.0,0.0,0.0,0.0,0.0,86.01,1.76,-2.48
104.16490339244027,-0.0,-0.0,0.0,0.0,0.0,0.0,86.01,1.76,-2.48
90.94327840416305,-0.0,-0.0,0.0,0.0,0.0,0.0,86.01,1.76,-2.48
97.75793031115255,-0.0,-0.0,0.0,0.0,0.0,0.0,86.01,1.76,-2.48
101.70721889473556,0.0,-0.06,-0.0,0.0,0.0,0.0,86.01,1.76,-2.48
100.94837420876556,-0.0,-0.06,-0.06,0.0,0.0,0.0,86.01,1.75,-2.48
101.94701278498857,-0.0,-0.06,-0.06,0.0,0.0,0.0,86.01,1.75,-2.48
101.16995513531766,0.0,-0.06,-0.0,0.0,0.0,0.0,86.01,1.75,-2.48
98.95493795121031,0.0,-0.06,-0.0,0.0,0.0,0.0,86.01,1.75,-2.48
102.48256652087863,-0.0,0.11,0.0,0.0,0.0,-0.0,86.0,1.76,-2.48
99.58696013486241,-0.0,0.11,0.0,0.0,0.0,-0.0,86.0,1.76,-2.48
100.22950271226134,-0.0,0.06,0.0,0.0,0.0,0.0,85.99,1.76,-2.48
103.28762805358551,-0.0,0.11,0.0,0.0,0.0,0.0,85.99,1.76,-2.48
99.04841071175554,0.06,0.0,-0.0,0.0,0.0,0.0,85.99,1.76,-2.48
100.38783178956942,0.06,0.0,-0.0,0.0,0.0,0.0,85.99,1.76,-2.48
100.63109404990404,-0.0,0.06,0.0,0.0,0.0,0.0,85.99,1.76,-2.48
90.84282341729657,-0.0,-0.0,0.0,0.0,0.0,0.0,85.98,1.77,-2.48
105.0098643032397,-0.0,-0.0,0.0,0.0,0.0,0.0,85.98,1.77,-2.48
97.60096802717922,-0.0,-0.0,0.0,0.0,0.0,0.0,85.98,1.77,-2.48
101.82573863222548,-0.0,0.11,0.0,0.0,0.0,0.0,85.98,1.77,-2.48
100.03825697044864,-0.0,0.11,0.0,0.0,0.0,0.0,85.97,1.78,-2.48
99.54205430036073,-0.0,0.11,0.0,0.0,0.0,0.0,85.97,1.78,-2.48
105.36599090612204,-0.06,0.06,0.0,0.0,0.0,0.0,85.97,1.78,-2.48
97.77844088026856,-0.06,0.06,0.0,0.0,0.0,0.0,85.97,1.78,-2.48
101.75163144998908,0.0,-0.06,-0.0,0.0,0.0,0.0,85.97,1.78,-2.49
100.44793562601782,0.0,-0.06,-0.0,0.0,0.0,-0.0,85.96,1.78,-2.49
98.78015119756954,0.0,-0.06,-0.0,0.0,0.0,-0.0,85.96,1.78,-2.49
104.36188106494153,0.0,-0.06,-0.0,0.0,0.0,-0.0,85.96,1.78,-2.49
98.05961704813784,0.0,-0.06,-0.0,0.0,0.0,-0.0,85.96,1.78,-2.49
101.16751489423285,0.06,-0.17,-0.0,0.0,0.0,0.0,85.96,1.77,-2.48
101.83068294933113,0.06,-0.17,-0.0,0.0,0.0,0.0,85.96,1.77,-2.48
91.7068392513556,0.06,-0.17,-0.0,0.0,0.0,0.0,85.96,1.77,-2.48
102.13319697080381,0.0,-0.06,-0.0,0.0,0.0,0.0,85.96,1.77,-2.48
100.64558237750155,-0.0,-0.0,0.0,0.0,0.0,0.0,85.96,1.77,-2.48
99.10926275992439,-0.0,-0.0,0.0,0.0,0.0,0.0,85.96,1.77,-2.48
100.66732269290772,-0.06,-0.0,0.0,0.0,0.0,0.0,85.95,1.78,-2.49
102.01396084154202,-0.0,-0.0,0.0,0.0,0.0,0.0,85.94,1.78,-2.49
100.36621201244317,-0.0,-0.0,0.0,0.0,0.0,0.0,85.94,1.78,-2.49
98.09401749380233,-0.0,-0.0,0.0,0.0,0.0,0.0,85.94,1.78,-2.49
101.00428647112652,-0.06,-0.0,0.0,0.0,0.0,0.0,85.94,1.78,-2.49
100.66007487760392,-0.0,-0.0,0.0,0.0,0.0,0.0,85.94,1.78,-2.49
100.46237125748503,-0.0,-0.0,0.0,0.0,0.0,0.0,85.94,1.78,-2.49
103.90170432025367,-0.0,-0.0,0.0,0.0,0.0,0.0,85.94,1.78,-2.49
97.30209251612304,-0.0,-0.0,0.0,0.0,0.0,0.0,85.94,1.78,-2.49
101.23832971276852,-0.0,-0.0,0.0,0.0,0.0,0.0,85.94,1.78,-2.49
90.66609022718922,0.0,-0.06,-0.0,0.0,0.0,0.0,85.94,1.77,-2.49
101.97179811339103,0.0,-0.06,-0.0,0.0,0.0,0.0,85.94,1.77,-2.49
102.85450844797568,0.06,0.0,-0.0,0.0,0.0,0.0,85.93,1.77,-2.49
98.28710690350096,-0.0,0.06,0.0,0.0,0.0,-0.0,85.93,1.77,-2.48
101.04078437040785,-0.0,0.06,0.0,0.0,0.0,-0.0,85.93,1.77,-2.48
100.85855816861444,-0.0,0.06,0.0,0.0,0.0,-0.0,85.93,1.77,-2.48
102.75371763149514,-0.0,-0.0,0.0,0.0,0.0,0.0,85.94,1.77,-2.48
98.25717431536533,0.0,-0.06,-0.0,0.0,0.0,0.0,85.93,1.77,-2.48
102.16802669719631,0.0,-0.06,-0.0,0.0,0.0,0.0,85.93,1.77,-2.48
100.57077089078048,0.0,-0.06,-0.0,0.0,0.0,0.0,85.93,1.77,-2.48
102.40250006103665,0.06,-0.11,-0.0,0.0,0.0,0.0,85.92,1.77,-2.49
98.37009240583517,0.06,-0.11,-0.0,0.0,0.0,0.0,85.92,1.77,-2.49
99.88102779034601,-0.0,-0.0,0.0,0.0,-0.0,0.0,85.92,1.77,-2.49
100.43350414252191,-0.0,-0.0,0.0,0.0,0.0,0.0,85.92,1.77,-2.48
94.70520231213872,-0.0,-0.0,0.0,0.0,0.0,0.0,85.92,1.77,-2.48
100.41907680520973,-0.0,-0.0,0.0,0.0,0.0,0.0,85.92,1.77,-2.48
97.84458907784543,-0.0,-0.0,0.0,0.0,0.0,0.0,85.92,1.77,-2.48
101.67516726461747,-0.0,-0.0,0.0,0.0,0.0,0.0,85.92,1.77,-2.48
100.53943142048996,-0.0,-0.0,0.0,0.0,0.0,0.0,85.91,1.78,-2.49
103.65519968366944,-0.0,-0.0,0.0,0.0,0.0,0.0,85.91,1.78,-2.49
101.10167285349274,-0.0,0.06,0.0,0.0,0.0,0.0,85.92,1.78,-2.48
98.07566758640041,-0.0,0.06,0.0,0.0,0.0,0.0,85.92,1.78,-2.48
101.1943640223895,-0.06,0.06,0.0,0.0,0.0,0.0,85.92,1.78,-2.49
100.48643986583613,-0.0,-0.0,0.0,0.0,0.0,0.0,85.92,1.78,-2.49
102.88730805082668,-0.0,-0.0,0.0,0.0,0.0,0.0,85.92,1.78,-2.49
101.72695302078533,-0.0,-0.0,0.0,0.0,0.0,0.0,85.92,1.77,-2.48
96.84154140980351,0.0,-0.06,-0.0,0.0,0.0,0.0,85.93,1.76,-2.48
103.30543582670377,0.0,-0.06,-0.0,0.0,0.0,0.0,85.93,1.76,-2.48
89.61996538535502,0.0,-0.11,-0.06,0.0,0.0,0.0,85.93,1.76,-2.48
104.23479708740277,-0.0,-0.0,0.0,0.0,0.0,0.0,85.93,1.76,-2.48
102.40500024415255,-0.0,-0.0,0.0,0.0,0.0,0.0,85.93,1.76,-2.48
98.6848618888523,-0.0,-0.0,0.0,0.0,0.0,0.0,85.93,1.76,-2.48
101.54716250242107,0.06,-0.11,-0.0,0.0,0.0,0.0,85.93,1.75,-2.48
100.7084133691894,0.06,-0.06,-0.0,0.0,0.0,0.0,85.93,1.75,-2.47
100.19837553750597,0.06,-0.06,-0.0,0.0,0.0,0.0,85.93,1.75,-2.47
94.36216787779253,-0.0,-0.0,0.0,0.0,0.0,0.0,85.94,1.75,-2.47
100.24866751117378,-0.0,-0.0,0.0,0.0,0.0,0.0,85.94,1.74,-2.47
98.9993155049921,-0.0,-0.0,0.0,0.0,0.0,0.0,85.94,1.74,-2.47
100.54184145552173,-0.0,-0.0,0.0,0.0,0.0,0.0,85.94,1.74,-2.47
102.61796295843222,-0.0,0.06,0.0,0.0,0.0,0.0,85.95,1.74,-2.46
99.1256587809893,-0.06,0.11,0.0,0.0,0.0,0.0,85.95,1.74,-2.46
99.06010722467585,-0.06,0.11,0.0,0.0,0.0,0.0,85.95,1.74,-2.46
101.95444711830623,-0.06,0.11,0.0,0.0,0.0,0.0,85.95,1.74,-2.46
99.71243818942564,-0.12,0.11,0.0,0.0,0.0,0.0,85.96,1.74,-2.46
102.71597198413087,-0.0,-0.0,0.0,0.0,0.0,0.0,85.96,1.74,-2.46
101.50292822225448,-0.0,-0.0,0.0,0.0,0.0,0.0,85.96,1.74,-2.46
97.78299995337343,0.0,-0.06,-0.0,0.0,0.0,-0.0,85.96,1.74,-2.46
101.2578822847762,0.0,-0.06,-0.0,0.0,0.0,-0.0,85.96,1.74,-2.46
99.859625732108,0.0,-0.06,-0.0,0.0,0.0,-0.0,85.96,1.74,-2.46
92.52617414131609,0.12,-0.11,-0.0,0.0,0.0,0.0,85.97,1.74,-2.46
101.38025717876825,0.12,-0.11,-0.0,0.0,0.0,0.0,85.97,1.74,-2.46
98.22956041125084,0.12,-0.11,-0.0,0.0,0.0,0.0,85.97,1.74,-2.46
101.26277160791888,0.06,-0.06,-0.0,-0.0,0.0,0.0,85.96,1.74,-2.46
100.27263381864257,-0.0,0.06,0.0,0.0,0.0,0.0,85.96,1.74,-2.46
102.4725513669346,-0.0,0.06,0.0,0.0,0.0,0.0,85.96,1.74,-2.46
99.61534259589122,-0.0,0.06,0.0,0.0,0.0,0.0,85.96,1.74,-2.46
101.36555657595824,-0.06,0.17,0.0,0.0,0.0,0.0,85.95,1.75,-2.46
102.8923560003925,-0.06,0.17,0.0,0.0,0.0,0.0,85.95,1.75,-2.46
100.54907225391955,-0.0,0.11,0.0,0.0,0.0,0.0,85.95,1.75,-2.46
98.18357171282099,-0.0,0.11,0.0,0.0,0.0,0.0,85.95,1.75,-2.46
100.66007487760392,-0.0,0.06,0.0,0.0,0.0,0.0,85.96,1.75,-2.46
101.01644950747814,0.06,-0.11,-0.12,0.0,0.0,0.0,85.96,1.74,-2.45
100.88524353577871,0.06,-0.11,-0.12,0.0,0.0,0.0,85.96,1.74,-2.45
101.06513096069975,0.06,-0.11,-0.12,0.0,0.0,0.0,85.96,1.74,-2.45
90.14774217121241,-0.0,-0.0,0.0,0.0,0.0,0.0,85.97,1.74,-2.45
100.89980514325579,-0.0,-0.0,0.0,0.0,0.0,0.0,85.97,1.74,-2.45
100.8149216421498,-0.0,-0.0,0.0,0.0,0.0,0.0,85.97,1.74,-2.45
100.8488578985333,-0.0,0.06,0.0,0.0,0.0,0.0,85.97,1.73,-2.45
102.4675445239782,-0.0,0.06,0.0,0.0,0.0,0.0,85.97,1.73,-2.45
98.17437914004167,-0.0,0.06,0.0,0.0,0.0,0.0,85.97,1.73,-2.45
101.32148033626437,-0.06,0.11,0.0,0.0,0.0,0.0,85.98,1.73,-2.45
91.73692613897335,-0.0,-0.0,0.0,0.0,0.0,0.0,85.99,1.72,-2.45
102.38000390548721,-0.0,-0.0,0.0,0.0,0.0,0.0,85.99,1.72,-2.45
101.57175376568024,0.0,-0.0,0.06,0.0,0.0,0.0,86.0,1.72,-2.45
99.1373735463742,-0.0,-0.0,0.0,0.0,-0.0,0.0,86.0,1.72,-2.45
99.88102779034601,-0.0,-0.0,0.0,0.0,-0.0,0.0,86.0,1.72,-2.45
99.84298602680379,-0.0,-0.0,0.0,0.0,-0.0,0.0,86.0,1.72,-2.45
94.38127812781278,-0.0,-0.0,0.0,0.0,0.0,0.0,86.01,1.72,-2.44
99.81684911946692,0.06,0.0,-0.0,0.0,0.0,0.0,86.03,1.7,-2.44
99.65794663435265,0.06,0.0,-0.0,0.0,0.0,0.0,86.03,1.7,-2.44
100.94594464500602,0.0,-0.11,-0.0,0.0,0.0,-0.0,86.03,1.7,-2.44
100.26304592068463,0.06,-0.11,-0.0,0.0,0.0,0.0,86.03,1.7,-2.43
102.4950882166072,0.06,-0.23,-0.0,0.0,0.0,0.0,86.04,1.7,-2.43
100.65524358051356,0.06,-0.23,-0.0,0.0,0.0,0.0,86.04,1.7,-2.43
98.39778538919909,0.0,-0.11,-0.0,0.0,0.0,0.0,86.04,1.69,-2.43
100.73985829230215,-0.0,-0.0,0.0,0.0,0.0,0.0,86.04,1.69,-2.43
100.56594816217901,-0.0,-0.0,0.0,0.0,0.0,0.0,86.04,1.69,-2.43
100.40946088288806,-0.0,-0.0,0.0,0.0,0.0,0.0,86.04,1.69,-2.43
100.89009693791644,-0.0,-0.0,0.0,0.0,0.0,0.0,86.04,1.69,-2.43
100.88524353577871,-0.0,0.06,0.0,0.0,0.0,0.0,86.04,1.69,-2.43
98.85698123880456,-0.0,0.06,0.0,0.0,0.0,0.0,86.04,1.69,-2.43
94.93886235541773,-0.0,0.06,0.0,0.0,0.0,0.0,86.04,1.69,-2.43
97.82861407846246,-0.0,-0.0,0.0,0.0,0.0,-0.0,86.04,1.69,-2.43
102.25769802764707,0.0,-0.0,0.06,0.0,0.0,0.0,86.04,1.7,-2.43
99.60351460460699,0.0,-0.0,0.06,0.0,0.0,0.0,86.04,1.7,-2.43
102.74364941332092,0.0,-0.0,0.06,0.0,-0.0,0.0,86.04,1.7,-2.44
106.27369701269414,0.0,-0.0,0.06,0.0,-0.0,0.0,86.04,1.7,-2.44
97.48980777723543,0.0,-0.0,0.06,0.0,-0.0,0.0,86.04,1.7,-2.44
102.52515277438279,0.0,-0.0,0.06,0.0,-0.0,0.0,86.04,1.7,-2.44
99.46415613365268,-0.0,-0.0,0.0,0.0,0.0,0.0,86.05,1.7,-2.43
102.492583632676,-0.0,-0.0,0.0,0.0,0.0,0.0,86.05,1.7,-2.43
101.26032688732768,-0.06,-0.0,0.0,0.0,0.0,0.0,86.05,1.7,-2.43
98.68718383096868,0.06,0.0,-0.0,0.0,0.0,0.0,86.05,1.69,-2.43
100.99212636343935,0.06,0.0,-0.0,0.0,0.0,0.0,86.05,1.69,-2.43
100.40946088288806,-0.0,-0.0,0.0,-0.0,0.0,0.0,86.05,1.69,-2.43
93.65212343142946,-0.0,-0.0,0.0,0.0,-0.0,0.0,86.05,1.69,-2.43
100.33259975121997,-0.0,-0.0,0.0,0.0,-0.0,0.0,86.05,1.69,-2.43
98.09172337987324,-0.0,-0.0,0.0,0.0,-0.0,0.0,86.05,1.69,-2.43
100.9167989990857,-0.0,-0.0,0.0,0.0,-0.0,0.0,86.05,1.69,-2.43
100.2702366722448,0.06,0.0,-0.06,0.0,-0.0,0.0,86.06,1.68,-2.43
99.90481861705929,-0.0,-0.0,0.0,0.0,0.0,0.0,86.06,1.68,-2.42
103.57073363459021,-0.0,-0.0,0.0,0.0,0.0,-0.0,86.06,1.69,-2.42
101.16263476520103,-0.0,-0.0,0.0,0.0,0.0,-0.0,86.06,1.69,-2.42
101.58159360620004,-0.0,-0.0,0.0,0.0,0.0,-0.0,86.06,1.69,-2.42
97.96800037371827,-0.0,-0.0,0.0,0.0,0.0,0.0,86.06,1.69,-2.42
100.13139801375095,-0.0,-0.0,0.0,0.0,0.0,0.0,86.06,1.69,-2.42
102.94286275279796,-0.0,0.23,0.0,0.0,-0.0,0.0,86.05,1.7,-2.42
98.05503214494448,-0.0,0.23,0.0,0.0,-0.0,0.0,86.05,1.7,-2.42
101.10410991924792,-0.0,0.23,0.0,0.0,-0.0,0.0,86.05,1.7,-2.42
93.48304990304678,-0.0,0.11,0.0,0.0,-0.0,0.0,86.05,1.7,-2.42
95.97290803834977,-0.0,0.11,0.0,0.0,0.0,0.0,86.05,1.7,-2.42
106.51389100512976,-0.0,0.11,0.0,0.0,0.0,0.0,86.05,1.7,-2.42
97.92911510623395,-0.0,-0.0,0.0,0.0,0.0,-0.0,86.06,1.7,-2.42
101.19924721324132,-0.0,-0.0,0.0,0.0,0.0,-0.0,86.06,1.7,-2.42
101.26766140325462,-0.0,-0.0,0.0,0.0,0.0,-0.0,86.06,1.7,-2.42
102.76882365912822,-0.0,-0.06,-0.06,0.0,0.0,-0.0,86.06,1.7,-2.42
101.31658534228707,-0.0,-0.06,-0.06,0.0,0.0,-0.0,86.06,1.7,-2.42
96.96243382573918,-0.0,-0.0,0.0,0.0,-0.0,0.0,86.05,1.7,-2.42
101.69242332403928,-0.12,0.11,0.0,0.0,-0.0,-0.0,86.05,1.7,-2.44
100.62867973417144,-0.12,0.11,0.0,0.0,-0.0,-0.0,86.05,1.7,-2.44
93.57690419883093,-0.12,0.11,0.0,0.0,-0.0,-0.0,86.05,1.7,-2.44
99.43821716453296,-0.12,0.11,0.0,0.0,-0.0,-0.0,86.05,1.7,-2.44
98.72434977050723,-0.06,0.11,0.06,-0.0,0.0,0.0,86.05,1.7,-2.44
101.10410991924792,-0.06,-0.0,0.0,-0.0,0.0,0.0,86.05,1.71,-2.44
100.61178276722318,-0.06,-0.0,0.0,-0.0,0.0,0.0,86.05,1.71,-2.44
102.66066183669473,-0.06,-0.0,0.0,-0.0,0.0,0.0,86.05,1.71,-2.44
98.69647269219004,-0.06,-0.0,0.0,-0.0,0.0,0.0,86.05,1.71,-2.44
100.88767017847694,-0.0,-0.0,0.0,-0.0,0.0,0.0,86.05,1.71,-2.44
101.04808711573672,-0.0,-0.0,0.0,-0.0,0.0,0.0,86.05,1.71,-2.44
99.93576364069574,-0.0,-0.0,0.0,-0.0,0.0,0.0,86.05,1.71,-2.44
93.08677704292245,-0.0,-0.0,0.0,-0.0,0.0,0.0,86.05,1.71,-2.44
99.62717339667458,-0.0,-0.0,0.0,-0.0,0.0,0.0,86.05,1.71,-2.44
99.35106710566833,-0.0,0.06,0.0,0.0,0.0,0.0,86.04,1.71,-2.44
100.08122360352192,-0.0,0.06,0.0,0.0,0.0,0.0,86.04,1.71,-2.44
102.58533483343932,-0.06,0.06,0.0,0.0,0.0,0.0,86.04,1.71,-2.44
102.74868327576492,-0.06,0.06,0.0,0.0,0.0,0.0,86.04,1.71,-2.44
101.03348268054151,-0.06,0.06,0.0,0.0,0.0,0.0,86.04,1.71,-2.44
101.27010647801627,-0.06,0.06,0.0,0.0,0.0,0.0,86.04,1.71,-2.44
100.47199731710823,-0.06,0.06,0.0,0.0,0.0,0.0,86.04,1.71,-2.44
98.65700710354237,-0.06,0.06,0.0,0.0,0.0,0.0,86.04,1.71,-2.44
101.08705292586522,-0.06,0.06,0.0,0.0,0.0,0.0,86.04,1.71,-2.44
99.23119144506482,-0.0,-0.0,0.0,-0.0,0.0,0.0,86.03,1.71,-2.44
104.72669163545568,-0.0,-0.0,0.0,-0.0,0.0,0.0,86.03,1.71,-2.44
100.70115963602315,-0.0,-0.0,0.0,-0.0,0.0,0.0,86.03,1.71,-2.44
89.41553679542935,-0.0,-0.0,0.0,-0.0,0.0,0.0,86.03,1.71,-2.44
101.45627827096587,-0.0,-0.0,0.0,-0.0,0.0,0.0,86.03,1.72,-2.44
99.49718894555807,-0.0,-0.0,0.0,-0.0,0.0,0.0,86.03,1.72,-2.44
104.13645504878716,0.0,-0.11,-0.0,0.0,-0.0,0.0,86.03,1.71,-2.44
97.03197149863509,0.0,-0.11,-0.0,0.0,-0.0,0.0,86.03,1.71,-2.44
102.60039138943249,-0.0,-0.0,0.0,0.0,-0.0,0.0,86.03,1.71,-2.44
101.4243845819026,-0.0,-0.0,0.0,0.0,-0.0,0.0,86.03,1.71,-2.44
99.04607174061917,-0.0,-0.0,0.0,0.0,-0.0,0.0,86.03,1.71,-2.44
101.40231607958803,-0.0,-0.0,0.0,0.0,-0.0,0.0,86.03,1.71,-2.44
104.62480979819901,-0.0,0.0,-0.06,0.0,0.0,0.0,86.01,1.72,-2.45
98.70344048571563,-0.0,0.0,-0.06,0.0,0.0,0.0,86.01,1.72,-2.45
100.53943142048996,-0.0,-0.06,-0.06,0.0,-0.0,0.0,86.0,1.73,-2.45
101.55945664543935,-0.0,-0.06,-0.06,0.0,-0.0,0.0,86.0,1.73,-2.45
102.29510755572899,0.06,-0.06,-0.0,0.0,0.0,0.0,85.98,1.74,-2.45
89.98721304441106,-0.0,0.06,0.0,0.0,0.0,0.0,85.98,1.74,-2.45
101.28722530789665,-0.06,0.11,0.06,0.0,0.0,-0.0,85.97,1.74,-2.45
96.4917640563173,-0.06,0.11,0.06,0.0,0.0,-0.0,85.97,1.74,-2.45
106.40310510160074,-0.06,0.11,0.0,0.0,-0.0,0.0,85.97,1.75,-2.46
98.60829904784295,-0.06,0.11,0.0,0.0,-0.0,0.0,85.97,1.75,-2.46
100.9726762801223,0.0,-0.11,-0.06,0.0,0.0,0.0,85.96,1.75,-2.46
104.63263982437759,0.0,-0.11,-0.06,0.0,0.0,0.0,85.96,1.75,-2.46
96.90866662045701,0.0,-0.11,-0.06,0.0,0.0,0.0,85.96,1.75,-2.46
100.51774630335275,0.0,-0.11,-0.06,0.0,0.0,0.0,85.96,1.75,-2.46
104.58306944271288,0.0,-0.11,-0.06,0.0,0.0,0.0,85.96,1.75,-2.46
97.8035210446543,0.0,-0.11,-0.06,0.0,0.0,0.0,85.96,1.75,-2.46
100.12661733110528,-0.0,-0.0,0.0,0.0,0.0,0.0,85.96,1.75,-2.46
99.6982172569527,-0.0,0.06,0.0,0.0,0.0,0.0,85.96,1.74,-2.46
105.78320302648171,-0.0,0.06,0.0,0.0,0.0,0.0,85.96,1.74,-2.46
97.53288066226398,-0.0,0.06,0.0,0.0,0.0,0.0,85.96,1.74,-2.46
92.3753771611056,0.06,0.0,-0.0,0.0,0.0,0.0,85.96,1.74,-2.46
100.72292397099082,-0.0,-0.0,0.0,0.0,0.0,0.0,85.96,1.75,-2.46
102.78141540874338,-0.0,-0.0,0.0,0.0,0.0,0.0,85.96,1.75,-2.46
100.10510990715768,-0.0,0.11,0.0,0.0,0.0,0.0,85.96,1.75,-2.46
97.93826180357726,-0.0,0.11,0.0,0.0,0.0,0.0,85.96,1.75,-2.46
101.07487288237704,-0.06,-0.0,0.0,0.0,0.0,0.0,85.96,1.75,-2.46
100.92651234419365,-0.06,-0.0,0.0,0.0,0.0,0.0,85.96,1.75,-2.46
100.31580206165842,-0.12,0.06,0.0,0.0,0.0,0.0,85.95,1.75,-2.46
100.33259975121997,-0.12,0.06,0.0,0.0,0.0,0.0,85.95,1.75,-2.46
103.9351753190435,0.0,-0.11,-0.0,0.0,0.0,0.0,85.96,1.74,-2.46
103.00606596429185,0.0,-0.11,-0.0,0.0,0.0,0.0,85.96,1.74,-2.46
101.01401666586388,0.06,0.0,-0.06,0.0,0.0,0.0,85.96,1.74,-2.46
102.15807292300947,-0.06,0.06,0.0,0.0,0.0,-0.0,85.95,1.74,-2.46
101.27744241077896,-0.06,0.06,0.0,0.0,0.0,-0.0,85.95,1.74,-2.46
98.1927660072574,-0.06,0.06,0.0,0.0,0.0,-0.0,85.95,1.74,-2.46
100.93379858019492,-0.0,0.06,-0.06,0.0,0.0,0.0,85.94,1.75,-2.46
104.59089322228317,0.0,-0.06,-0.0,0.0,0.0,0.0,85.94,1.75,-2.46
89.38885810494011,0.0,-0.06,-0.0,0.0,0.0,0.0,85.94,1.75,-2.46
104.38785465405674,0.0,-0.06,-0.0,0.0,0.0,0.0,85.94,1.75,-2.46
98.76852069891207,-0.06,0.11,0.0,0.0,0.0,0.0,85.94,1.75,-2.46
100.73260002881983,0.0,-0.06,-0.0,0.0,0.0,0.0,85.94,1.75,-2.46
100.54666187222821,0.0,-0.06,-0.0,0.0,0.0,0.0,85.94,1.75,-2.46
103.45067087608524,0.0,-0.06,-0.0,0.0,0.0,0.0,85.94,1.75,-2.46
97.83317783168502,-0.0,-0.0,0.0,0.0,0.0,0.0,85.93,1.75,-2.47
102.4725513669346,0.0,-0.06,-0.0,0.0,0.0,0.0,85.93,1.75,-2.47
101.26766140325462,0.0,-0.06,-0.0,0.0,0.0,0.0,85.93,1.75,-2.47
99.6887388886248,0.0,-0.06,-0.0,0.0,0.0,0.0,85.93,1.75,-2.46
103.27745493942678,-0.0,-0.06,-0.06,0.0,0.0,0.0,85.93,1.75,-2.46
99.98579227156786,-0.0,-0.06,-0.06,0.0,0.0,0.0,85.93,1.75,-2.46
99.68163129500677,-0.0,-0.0,0.0,0.0,0.0,-0.0,85.93,1.75,-2.46
100.984831704146,-0.0,-0.0,0.0,0.0,0.0,-0.0,85.93,1.75,-2.46
101.09436236110777,-0.0,0.06,0.0,0.0,0.0,0.0,85.92,1.75,-2.47
102.05615845053288,-0.0,0.06,0.0,0.0,0.0,0.0,85.92,1.75,-2.47
79.57925093917201,-0.0,0.06,0.0,0.0,0.0,0.0,85.92,1.75,-2.46
94.33033465275278,0.0,-0.06,-0.0,0.0,0.0,0.0,85.92,1.75,-2.47
72.04108483193349,0.0,-0.06,-0.0,0.0,0.0,0.0,85.92,1.75,-2.47
84.0137809470395,0.0,-0.06,-0.0,0.0,0.0,0.0,85.92,1.75,-2.47
85.32638945398324,0.0,-0.06,-0.0,0.0,0.0,0.0,85.91,1.75,-2.47
122.54730321977443,-0.0,-0.0,0.0,0.0,0.0,0.0,85.9,1.76,-2.47
165.20812982511424,-0.0,-0.0,0.0,0.0,0.0,0.0,85.9,1.76,-2.47
150.7278542422827,0.06,0.0,-0.0,0.0,0.0,-0.0,85.9,1.76,-2.47
105.24437307103605,-0.0,-0.0,0.0,0.0,0.0,0.0,85.89,1.76,-2.48
102.16304956765315,-0.0,-0.0,0.0,0.0,0.0,0.0,85.89,1.76,-2.48
98.94093225136818,-0.0,-0.0,0.0,0.0,0.0,0.0,85.89,1.76,-2.48
104.39045272405983,-0.06,0.06,0.0,0.0,0.0,-0.0,85.89,1.76,-2.48
103.4532225045014,-0.0,0.06,0.0,0.0,0.0,0.0,85.89,1.76,-2.48
101.38270769379517,-0.0,0.06,0.0,0.0,0.0,0.0,85.89,1.76,-2.48
99.77410913935012,-0.06,0.11,0.0,0.0,0.0,0.0,85.89,1.76,-2.48
100.49847849526776,-0.06,0.11,0.0,0.0,0.0,0.0,85.89,1.76,-2.48
99.54677932311198,-0.06,0.11,0.0,0.0,0.0,0.0,85.88,1.77,-2.48
102.2552050319372,-0.06,0.11,0.0,0.0,0.0,0.0,85.88,1.77,-2.48
93.36651603855486,-0.06,0.11,0.0,0.0,0.0,0.0,85.88,1.77,-2.48
100.00247961470602,-0.0,-0.0,0.0,0.0,0.0,0.0,85.88,1.77,-2.48
98.58743888679955,0.06,-0.17,-0.0,0.0,0.0,0.0,85.87,1.76,-2.48
101.05052159876648,0.06,-0.17,-0.0,0.0,0.0,0.0,85.87,1.76,-2.48
102.54269857956629,0.06,-0.17,-0.0,0.0,0.0,0.0,85.87,1.76,-2.48
97.66460205839891,0.23,-0.11,-0.0,0.0,0.0,-0.04,85.88,1.76,-2.48
105.07299964928103,0.23,-0.11,-0.0,0.0,0.0,-0.04,85.88,1.76,-2.48
98.69182804301278,0.23,-0.11,-0.0,0.0,0.0,-0.04,85.88,1.76,-2.48
100.99699005514219,-0.52,0.51,0.01,0.0,0.0,0.02,85.89,1.76,-2.48
100.64799750437933,-0.52,0.51,0.01,0.0,0.0,0.02,85.89,1.76,-2.48
102.51763498154621,-0.52,0.51,0.01,0.0,0.0,0.02,85.89,1.76,-2.48
101.4145751728807,-0.52,0.51,0.01,0.0,0.0,0.02,85.89,1.76,-2.48
97.16234247590808,-0.52,0.51,0.01,0.0,0.0,0.02,85.89,1.76,-2.48
101.515211656219,-0.0,0.06,0.0,0.0,0.0,0.0,85.9,1.76,-2.47
91.37320000871402,-0.0,0.06,0.0,0.0,0.0,0.0,85.9,1.76,-2.47
101.79361227065334,-0.0,0.06,0.0,0.0,0.0,0.0,85.9,1.76,-2.47
103.61422924901186,0.06,0.0,-0.0,0.0,0.0,0.0,85.91,1.76,-2.46
98.32858214553639,-0.0,-0.0,0.0,0.0,0.0,-0.0,85.92,1.76,-2.46
101.14799720259484,-0.0,-0.0,0.0,0.0,0.0,-0.0,85.92,1.76,-2.46
101.06756626506024,-0.06,0.06,0.0,0.0,0.0,0.0,85.92,1.75,-2.46
101.78620137355304,0.0,-0.06,-0.0,0.0,0.0,-0.0,85.92,1.75,-2.46
101.57421354709031,-0.0,0.06,0.0,0.0,0.0,0.0,85.93,1.75,-2.46
98.08484168186708,-0.0,0.06,0.0,0.0,0.0,0.0,85.93,1.75,-2.46
102.1083331304623,-0.47,0.28,0.0,-0.0,0.0,0.01,85.94,1.75,-2.46
99.88816384853537,-0.47,0.28,0.0,-0.0,0.0,0.01,85.94,1.75,-2.46
102.56275828340873,-0.47,0.28,0.0,-0.0,0.0,0.01,85.94,1.75,-2.46
101.52749806351666,-0.47,0.28,0.0,-0.0,0.0,0.01,85.94,1.75,-2.46
89.22722147765226,0.12,-0.68,0.23,0.0,-0.01,0.0,85.94,1.74,-2.46
101.04078437040785,-0.0,-0.0,0.0,0.0,0.0,-0.0,85.94,1.74,-2.46
100.54666187222821,-0.0,-0.0,0.0,0.0,0.0,-0.0,85.94,1.74,-2.46
101.68009696969698,-0.0,0.06,0.0,0.0,0.0,0.0,85.94,1.74,-2.46
101.15531545437005,-0.0,-0.0,0.0,0.0,0.0,-0.0,85.95,1.74,-2.45
98.07108118219229,-0.0,0.11,0.0,0.0,0.0,0.0,85.95,1.74,-2.45
101.17727656494995,-0.0,0.11,0.0,0.0,0.0,0.0,85.95,1.74,-2.45
101.03835035652341,-0.06,-0.0,0.0,0.0,0.0,0.01,85.96,1.74,-2.45
101.38025717876825,-0.0,-0.0,0.0,0.0,0.0,-0.01,85.97,1.73,-2.45
103.52216408332511,-0.0,-0.0,0.0,0.0,0.0,-0.01,85.97,1.73,-2.45
97.2727567893504,-0.0,-0.0,0.0,0.0,0.0,-0.01,85.97,1.73,-2.45
101.66038101701488,-0.0,0.06,0.0,-0.0,0.0,0.0,85.98,1.72,-2.44
101.00428647112652,0.0,-0.06,-0.0,0.0,0.0,0.0,85.98,1.72,-2.44
100.55630409244564,-0.0,0.17,0.0,0.0,0.0,0.0,86.0,1.72,-2.44
93.69396416923558,-0.0,0.17,0.0,0.0,0.0,0.0,86.0,1.72,-2.44
97.47847912986892,-0.0,0.06,0.0,0.0,0.0,0.0,86.0,1.72,-2.44
101.70475266731329,-0.06,-0.0,0.0,0.0,0.0,-0.0,86.02,1.71,-2.43
100.7737440234497,-0.06,-0.0,0.0,0.0,0.0,-0.0,86.02,1.71,-2.43
101.33371989079751,0.0,-0.06,-0.0,0.0,-0.0,0.0,86.02,1.7,-2.43
91.99649061238814,0.0,-0.06,-0.0,0.0,-0.0,0.0,86.02,1.7,-2.43
100.28222355050806,0.0,-0.11,-0.0,0.0,0.0,-0.0,86.04,1.7,-2.42
91.89168346332487,0.0,-0.11,-0.0,0.0,0.0,-0.0,86.04,1.7,-2.42
102.9049780416595,0.0,-0.06,-0.0,0.0,0.0,-0.0,86.04,1.7,-2.42
97.46035876940236,0.06,-0.11,-0.0,0.0,0.0,0.0,86.05,1.68,-2.42
91.76502505086748,0.06,-0.11,-0.0,0.0,0.0,0.0,86.05,1.68,-2.42
101.64313582939538,0.0,-0.06,-0.0,-0.0,0.0,0.0,86.05,1.68,-2.42
100.10988853617204,0.0,-0.06,-0.0,-0.0,0.0,0.0,86.05,1.68,-2.42
102.84946421127486,0.06,-0.11,-0.0,0.0,0.0,0.0,86.06,1.68,-2.42
98.37932166815217,0.06,-0.11,-0.0,0.0,0.0,0.0,86.06,1.68,-2.42
100.67457155201383,0.0,-0.06,-0.0,0.0,-0.0,0.0,86.06,1.67,-2.41
102.05367527190442,0.0,-0.06,-0.0,-0.0,-0.0,0.0,86.08,1.67,-2.41
102.6380521228435,0.0,-0.06,-0.0,-0.0,-0.0,0.0,86.08,1.67,-2.41
100.88767017847694,0.0,-0.11,-0.0,-0.0,-0.0,0.0,86.08,1.66,-2.41
97.94283579301326,0.0,-0.11,-0.0,-0.0,-0.0,0.0,86.08,1.66,-2.41
100.59971697886935,0.0,-0.06,-0.0,-0.0,-0.0,0.0,86.09,1.66,-2.41
102.05119221411192,0.0,-0.06,-0.0,-0.0,-0.0,0.0,86.09,1.66,-2.41
97.87655473362425,0.06,0.0,-0.0,-0.0,0.0,0.0,86.1,1.65,-2.4
95.48133309051174,-0.0,-0.0,0.0,-0.0,0.0,0.0,86.1,1.65,-2.4
98.03898835959048,-0.0,-0.0,0.0,0.0,0.0,0.0,86.11,1.64,-2.39
100.83431099144148,-0.0,-0.0,0.0,0.0,0.0,0.0,86.11,1.64,-2.39
100.60695610458143,-0.0,0.06,0.0,-0.0,0.0,-0.0,86.12,1.64,-2.39
95.58795779302172,-0.12,0.11,0.0,-0.0,0.0,-0.0,86.12,1.65,-2.39
107.49113275243465,-0.12,0.11,0.0,-0.0,0.0,-0.0,86.12,1.65,-2.39
100.76163936001538,-0.12,0.11,0.0,-0.0,0.0,-0.0,86.12,1.65,-2.39
101.00671884406984,-0.0,0.06,0.0,0.0,0.0,0.0,86.13,1.64,-2.39
98.91759822649875,-0.0,-0.0,0.0,-0.0,0.0,0.0,86.14,1.64,-2.39
103.5196090529901,-0.0,-0.0,0.0,-0.0,0.0,0.0,86.14,1.64,-2.39
101.05782575173477,-0.0,-0.0,0.0,-0.0,0.0,-0.0,86.14,1.64,-2.39
100.90223248652809,-0.0,-0.0,0.0,-0.0,0.0,-0.0,86.14,1.64,-2.39
102.37500610202588,-0.0,-0.0,0.0,-0.0,0.0,-0.0,86.14,1.64,-2.39
100.73743875492363,-0.0,-0.0,0.0,-0.0,0.0,-0.0,86.14,1.64,-2.39
89.3127209232997,0.06,0.0,-0.0,0.0,0.0,0.0,86.16,1.63,-2.38
100.40705719005099,0.06,0.0,-0.0,0.0,0.0,0.0,86.16,1.63,-2.38
101.87520341988292,-0.0,-0.0,0.0,-0.0,0.0,-0.0,86.17,1.63,-2.38
103.05668443942112,-0.0,-0.0,0.0,-0.0,0.0,0.0,86.17,1.63,-2.38
88.56216216216217,0.0,-0.06,-0.0,-0.0,0.0,0.0,86.18,1.63,-2.38
100.8149216421498,0.0,-0.06,-0.0,-0.0,0.0,0.0,86.18,1.63,-2.38
81.4111801242236,-0.06,0.06,0.0,-0.0,0.0,0.0,86.18,1.62,-2.38
80.2230935485722,-0.0,0.11,0.0,-0.0,-0.0,0.0,86.2,1.62,-2.37
84.49614214629626,-0.0,0.11,0.0,-0.0,-0.0,0.0,86.2,1.62,-2.37
84.06429630817333,-0.0,0.06,0.0,-0.0,-0.0,0.0,86.21,1.62,-2.37
93.27100891725411,-0.0,0.06,0.0,-0.0,-0.0,0.0,86.21,1.62,-2.37
144.5464382947927,0.0,-0.11,-0.0,-0.0,0.0,0.0,86.24,1.61,-2.37
191.17155879671833,0.0,-0.11,-0.0,-0.0,0.0,0.0,86.24,1.61,-2.37
159.40044844753544,0.0,-0.06,-0.0,-0.0,0.0,0.0,86.25,1.6,-2.36
93.71280470094064,0.06,0.0,-0.06,-0.0,-0.0,0.0,86.26,1.6,-2.35
101.8851021449219,0.06,0.0,-0.06,-0.0,-0.0,0.0,86.26,1.6,-2.35
103.96866788954439,-0.0,-0.0,0.0,-0.0,-0.0,0.0,86.26,1.6,-2.35
98.26638240048732,-0.0,-0.0,0.0,-0.0,-0.0,0.0,86.26,1.6,-2.35
104.6456924727427,-0.06,0.06,0.06,-0.0,-0.0,0.0,86.28,1.59,-2.35
97.31112245371445,-0.06,0.06,0.06,-0.0,-0.0,0.0,86.28,1.59,-2.35
100.58041773578572,-0.12,0.17,0.0,-0.0,-0.0,0.0,86.28,1.59,-2.35
100.62867973417144,-0.0,0.06,0.0,-0.0,-0.0,0.0,86.3,1.59,-2.35
101.6973547026162,-0.0,0.06,0.0,-0.0,-0.0,0.0,86.3,1.59,-2.35
101.36555657595824,-0.0,-0.0,0.0,-0.0,-0.0,0.0,86.32,1.59,-2.35
102.39500024412871,-0.0,-0.0,0.0,-0.0,-0.0,0.0,86.32,1.59,-2.35
101.09436236110777,0.06,-0.06,-0.0,-0.0,0.0,0.0,86.33,1.58,-2.34
100.56594816217901,0.06,-0.06,-0.0,-0.0,0.0,0.0,86.33,1.58,-2.34
98.1812734082397,0.0,-0.06,-0.0,-0.0,-0.0,0.0,86.34,1.58,-2.34
92.03282573397112,0.0,-0.06,-0.0,-0.0,-0.0,0.0,86.34,1.58,-2.34
100.34460154549151,0.0,-0.06,-0.0,0.0,-0.0,0.0,86.35,1.57,-2.34
100.11705733517927,0.0,-0.06,-0.0,0.0,-0.0,0.0,86.35,1.57,-2.34
100.47440412025392,-0.0,-0.0,0.0,-0.0,-0.0,0.0,86.36,1.57,-2.34
101.08948928683328,-0.0,-0.0,0.0,-0.0,-0.0,0.0,86.37,1.57,-2.33
100.94351519819017,-0.0,-0.0,0.0,-0.0,-0.0,0.0,86.37,1.57,-2.33
100.47440412025392,-0.0,-0.0,0.0,-0.0,-0.0,0.0,86.37,1.57,-2.33
100.86826030493964,-0.0,-0.0,0.0,-0.0,-0.0,0.0,86.37,1.56,-2.33
100.40705719005099,-0.12,-0.0,0.0,-0.0,-0.0,-0.0,86.38,1.56,-2.34
100.62867973417144,-0.12,-0.0,0.0,-0.0,-0.0,-0.0,86.38,1.56,-2.34
101.72695302078533,-0.12,-0.0,0.0,-0.0,-0.0,-0.0,86.38,1.56,-2.34
101.47100520140317,-0.12,-0.0,0.0,-0.0,-0.0,-0.0,86.38,1.56,-2.34
101.74669480629746,-0.06,-0.06,0.0,-0.0,-0.0,0.0,86.38,1.56,-2.34
91.21026421659236,0.18,-0.28,-0.0,0.0,-0.01,0.01,86.38,1.56,-2.34
99.67215607994106,0.0,-0.06,-0.0,-0.0,0.0,0.0,86.39,1.56,-2.34
85.69773001246348,0.0,-0.06,-0.0,-0.0,0.0,0.0,86.39,1.56,-2.34
112.07824065414317,0.0,-0.06,-0.0,-0.0,0.0,0.0,86.4,1.56,-2.34
98.3770141902193,-0.0,0.0,-0.06,-0.0,-0.0,0.0,86.42,1.55,-2.33
103.1504598888397,-0.0,0.0,-0.06,-0.0,-0.0,0.0,86.42,1.55,-2.33
102.90245338567223,-0.0,0.0,-0.06,-0.0,-0.0,0.0,86.42,1.55,-2.33
104.26848307065082,-0.0,0.0,-0.06,-0.0,-0.0,0.0,86.42,1.55,-2.33
