217.10771779077592,-0.06,0.06,0.0,-0.0,-0.0,0.0,86.44,1.55,-2.34
101.59881791536468,0.0,-0.06,0.06,0.03,-0.03,0.01,157.39,3.41,-1.27
89.64295026608818,-0.06,-0.0,0.0,0.03,-0.03,0.0,157.39,3.41,-1.27
102.30758348171817,-0.06,-0.0,0.0,0.03,-0.03,0.0,157.39,3.41,-1.27
97.2727567893504,0.0,-0.06,-0.0,0.03,-0.03,-0.0,157.39,3.41,-1.27
105.32365718303492,0.06,-0.06,-0.0,0.03,-0.03,0.0,157.39,3.42,-1.27
100.70115963602315,0.06,-0.06,-0.0,0.03,-0.03,0.0,157.39,3.42,-1.27
101.7121517084172,0.06,-0.06,-0.0,0.03,-0.03,0.0,157.39,3.42,-1.27
97.31789600686791,-0.0,-0.06,-0.06,0.03,-0.03,0.0,157.4,3.41,-1.27
100.55871493646607,-0.0,0.11,0.0,0.03,-0.03,0.0,157.4,3.41,-1.27
99.29461897208873,-0.0,0.11,0.0,0.03,-0.03,0.0,157.4,3.41,-1.27
102.37000878648833,-0.0,-0.0,0.0,0.03,-0.03,0.0,157.4,3.41,-1.28
101.37290634441088,-0.06,-0.0,0.0,0.03,-0.03,0.0,157.4,3.41,-1.28
101.1845990543279,0.0,-0.06,-0.0,0.02,-0.03,0.0,157.41,3.4,-1.29
100.00486397558475,0.0,-0.06,-0.0,0.02,-0.03,0.0,157.41,3.4,-1.29
90.9807596364504,0.0,-0.06,-0.0,0.03,-0.03,0.0,157.41,3.4,-1.29
101.95444711830623,-0.0,0.06,-0.06,0.03,-0.03,0.0,157.41,3.4,-1.29
102.8746903436266,-0.0,0.06,-0.06,0.03,-0.03,0.0,157.41,3.4,-1.29
101.38270769379517,-0.0,-0.0,0.0,0.03,-0.03,0.0,157.41,3.4,-1.3
100.14813399871063,-0.0,-0.0,0.0,0.03,-0.03,0.0,157.41,3.4,-1.3
103.54772132523577,-0.06,-0.0,0.06,0.03,-0.03,0.0,157.42,3.39,-1.31
100.23429322499702,-0.06,-0.0,0.06,0.03,-0.03,0.0,157.42,3.39,-1.31
98.93859835350176,0.0,-0.0,0.06,0.03,-0.03,0.0,157.43,3.39,-1.32
101.56929410340234,0.0,-0.0,0.06,0.03,-0.03,0.0,157.43,3.39,-1.32
98.32397205682405,-0.0,-0.0,0.0,0.02,-0.03,0.0,157.43,3.39,-1.32
105.25229611041405,-0.0,-0.0,0.0,0.02,-0.03,0.0,157.43,3.39,-1.32
99.80259839147195,0.0,-0.11,0.06,0.03,-0.03,0.0,157.43,3.39,-1.32
99.86200328563605,0.0,-0.06,-0.0,0.03,-0.03,0.0,157.44,3.39,-1.32
90.10707226948526,0.0,-0.06,-0.0,0.03,-0.03,0.0,157.44,3.39,-1.32
103.04402515723271,0.06,-0.11,-0.0,0.03,-0.03,0.0,157.44,3.38,-1.32
101.4660957495706,0.06,-0.11,-0.0,0.03,-0.03,0.0,157.44,3.38,-1.32
101.56437513620844,0.06,-0.06,-0.0,0.03,-0.03,0.0,157.44,3.37,-1.33
99.14674735249622,0.06,-0.06,-0.0,0.03,-0.03,0.0,157.44,3.37,-1.33
98.0183683484845,0.06,-0.06,-0.0,0.03,-0.03,0.0,157.44,3.37,-1.33
105.81522781169585,0.0,-0.06,-0.0,0.03,-0.03,0.0,157.44,3.37,-1.33
101.8950027937711,-0.0,-0.0,0.0,0.03,-0.03,0.0,157.45,3.37,-1.34
99.48066979744794,-0.0,0.11,0.06,0.02,-0.03,0.0,157.45,3.37,-1.33
99.55386769836937,-0.0,0.11,0.06,0.02,-0.03,0.0,157.45,3.37,-1.33
102.68328151394228,-0.12,0.11,0.0,0.03,-0.03,0.0,157.45,3.37,-1.33
101.27744241077896,-0.0,-0.0,0.0,0.03,-0.03,0.0,157.46,3.37,-1.34
97.1285922701063,-0.0,-0.0,0.0,0.03,-0.03,0.0,157.46,3.37,-1.34
86.58046404095451,-0.0,-0.0,0.0,0.03,-0.03,0.0,157.46,3.37,-1.35
99.55150479445552,-0.0,-0.0,0.0,0.03,-0.03,0.0,157.46,3.37,-1.35
98.65932773504575,0.0,-0.06,0.06,0.03,-0.03,0.0,157.47,3.36,-1.35
103.7244108118802,0.0,-0.06,0.06,0.03,-0.03,0.0,157.47,3.36,-1.35
101.97179811339103,-0.0,0.11,0.0,0.03,-0.03,0.0,157.47,3.36,-1.36
100.7737440234497,-0.0,0.11,0.0,0.02,-0.03,0.0,157.48,3.36,-1.35
100.83915949415781,-0.0,0.11,0.0,0.02,-0.03,0.0,157.48,3.36,-1.35
97.9611360239163,-0.0,0.11,0.0,0.02,-0.03,0.0,157.48,3.36,-1.35
101.92719319562576,-0.0,0.11,0.0,0.02,-0.03,0.0,157.48,3.36,-1.35
101.07487288237704,-0.0,0.06,0.0,0.03,-0.03,0.0,157.48,3.36,-1.35
100.62626553428338,0.0,-0.06,-0.0,0.03,-0.03,0.0,157.48,3.36,-1.35
93.49972134911611,0.0,-0.06,-0.0,0.03,-0.03,0.0,157.48,3.36,-1.35
98.21805919820157,-0.0,-0.0,0.0,0.03,-0.03,0.0,157.49,3.36,-1.35
102.26268438376204,-0.0,0.0,-0.06,0.03,-0.03,0.0,157.49,3.36,-1.35
100.66007487760392,0.06,-0.06,-0.06,0.03,-0.03,0.0,157.49,3.36,-1.35
100.72050524698028,0.06,-0.06,-0.06,0.03,-0.03,0.0,157.49,3.36,-1.35
102.9782469923889,0.12,0.0,-0.0,0.03,-0.03,0.0,157.49,3.36,-1.34
98.76386926627107,-0.0,0.06,0.0,0.02,-0.03,0.0,157.49,3.36,-1.35
101.4636412017998,-0.0,0.06,0.0,0.02,-0.03,0.0,157.49,3.36,-1.35
100.71083151247389,-0.0,0.06,0.0,0.02,-0.03,0.0,157.49,3.36,-1.35
100.64075247144639,-0.0,0.06,0.0,0.03,-0.03,0.0,157.5,3.36,-1.35
103.10228362134657,0.0,-0.06,-0.0,0.03,-0.03,0.0,157.51,3.36,-1.35
89.75997260743023,0.0,-0.06,-0.0,0.03,-0.03,0.0,157.51,3.36,-1.35
101.97427730908561,0.06,-0.11,-0.0,0.03,-0.03,0.0,157.51,3.35,-1.35
101.79361227065334,0.06,-0.11,-0.0,0.03,-0.03,0.0,157.51,3.35,-1.35
99.77648262245165,-0.0,0.11,0.0,0.03,-0.03,0.0,157.51,3.35,-1.36
100.63109404990404,-0.0,0.11,0.0,0.03,-0.03,0.0,157.51,3.35,-1.36
101.42193205174706,-0.0,0.11,0.0,0.02,-0.03,0.0,157.52,3.35,-1.36
100.58282973621102,-0.0,-0.0,0.0,0.02,-0.03,-0.0,157.52,3.35,-1.37
101.8999538397998,-0.0,-0.0,0.0,0.02,-0.03,-0.0,157.52,3.35,-1.37
101.08705292586522,-0.0,-0.0,0.0,0.02,-0.03,-0.0,157.52,3.35,-1.37
90.3049562933299,-0.0,0.0,-0.06,0.02,-0.03,0.0,157.52,3.35,-1.37
101.20657288323721,0.0,-0.06,-0.0,0.03,-0.03,0.0,157.53,3.35,-1.36
101.29701009515529,0.0,-0.06,-0.0,0.03,-0.03,0.0,157.53,3.35,-1.36
102.51512929559564,-0.0,-0.0,0.0,0.03,-0.03,0.0,157.53,3.35,-1.36
97.64641244121619,-0.0,-0.0,0.0,0.03,-0.03,0.0,157.53,3.35,-1.36
100.51052000958543,-0.0,-0.0,0.0,0.03,-0.03,0.0,157.53,3.35,-1.36
101.34596240274489,-0.0,-0.0,0.0,0.03,-0.03,0.0,157.53,3.35,-1.36
101.50047189216659,-0.0,-0.0,0.0,0.03,-0.03,0.0,157.53,3.35,-1.36
62.54647400050702,-0.06,0.06,0.0,0.02,-0.03,0.0,157.54,3.36,-1.36
205.51246998873046,-0.06,0.06,0.0,0.02,-0.03,0.0,157.54,3.36,-1.36
103.01618568095297,-0.06,0.06,0.0,0.02,-0.03,0.0,157.54,3.36,-1.36
100.10272076372316,-0.12,0.11,0.0,0.02,-0.03,-0.0,157.55,3.36,-1.36
98.11696453635258,-0.06,0.17,0.0,0.03,-0.03,-0.0,157.55,3.36,-1.36
103.29271536226173,-0.06,0.17,0.0,0.03,-0.03,-0.0,157.55,3.36,-1.36
102.48256652087863,-0.0,-0.0,0.0,0.03,-0.03,-0.0,157.55,3.36,-1.36
88.9849156677628,-0.0,-0.0,0.0,0.03,-0.03,0.0,157.56,3.36,-1.36
103.22407895060665,-0.0,-0.0,0.0,0.03,-0.03,0.0,157.56,3.36,-1.36
96.80354505169868,-0.0,-0.0,0.0,0.03,-0.03,0.0,157.56,3.36,-1.36
102.02140494259584,0.0,-0.06,-0.0,0.03,-0.03,0.0,157.56,3.36,-1.36
91.82127454629041,-0.0,-0.0,0.0,0.03,-0.03,0.0,157.56,3.36,-1.36
100.13378852627307,-0.0,-0.0,0.0,0.03,-0.03,0.0,157.56,3.36,-1.36
103.48640513200098,0.0,-0.11,-0.0,0.02,-0.03,0.0,157.57,3.36,-1.36
97.87198693267997,0.06,0.0,-0.0,0.02,-0.03,0.0,157.57,3.36,-1.36
101.84551878202171,0.06,0.0,-0.0,0.02,-0.03,0.0,157.57,3.36,-1.36
101.23099944488692,-0.06,-0.0,0.06,0.03,-0.03,-0.0,157.57,3.36,-1.36
97.68279845358424,-0.0,-0.0,0.0,0.03,-0.02,-0.0,157.58,3.36,-1.36
103.7295412390256,-0.0,-0.0,0.0,0.03,-0.02,-0.0,157.58,3.36,-1.36
101.8529383195726,-0.0,-0.0,0.0,0.03,-0.03,0.0,157.58,3.36,-1.36
102.2427418765083,-0.0,-0.0,0.0,0.03,-0.03,0.0,157.58,3.36,-1.36
99.41936095572201,-0.06,0.06,0.0,0.03,-0.03,0.0,157.59,3.36,-1.37
101.49064776054395,-0.06,0.06,0.0,0.03,-0.03,0.0,157.59,3.36,-1.37
92.22709881701043,-0.0,-0.0,0.0,0.02,-0.03,0.0,157.59,3.36,-1.38
99.88816384853537,-0.0,-0.0,0.0,0.02,-0.03,0.0,157.6,3.36,-1.38
103.66032326627453,-0.0,-0.0,0.0,0.02,-0.03,0.0,157.6,3.36,-1.38
100.3614088820827,-0.06,0.06,0.0,0.02,-0.02,0.0,157.6,3.36,-1.38
98.36547842401501,-0.06,-0.0,0.0,0.02,-0.03,0.0,157.6,3.36,-1.38
100.74227794590959,-0.06,-0.0,0.0,0.02,-0.03,0.0,157.6,3.36,-1.38
102.94033623757517,-0.0,-0.0,0.0,0.03,-0.03,0.0,157.6,3.36,-1.38
99.7931001665477,-0.0,-0.0,0.0,0.03,-0.03,0.0,157.6,3.36,-1.38
102.98330386957376,0.06,-0.06,-0.0,0.03,-0.03,0.0,157.61,3.36,-1.38
99.19598893172197,0.06,-0.06,-0.0,0.03,-0.03,0.0,157.61,3.36,-1.38
101.44891640866874,0.06,-0.06,-0.0,0.03,-0.03,0.0,157.61,3.36,-1.38
96.9355427673392,0.06,-0.17,-0.0,0.03,-0.03,0.0,157.61,3.35,-1.38
107.86709186297706,0.06,-0.17,-0.0,0.03,-0.03,0.0,157.61,3.35,-1.38
101.79855346827824,0.06,-0.17,-0.0,0.03,-0.03,0.0,157.61,3.35,-1.38
89.92933104631217,0.0,-0.06,-0.0,0.03,-0.03,0.0,157.61,3.35,-1.38
101.07487288237704,0.0,-0.06,-0.0,0.03,-0.03,0.0,157.61,3.35,-1.38
100.53702150099475,-0.0,-0.0,0.0,0.02,-0.03,0.0,157.61,3.35,-1.37
99.90481861705929,0.06,0.0,-0.0,0.02,-0.02,0.0,157.62,3.35,-1.36
102.1182772137414,-0.0,0.0,-0.06,0.02,-0.03,-0.0,157.62,3.36,-1.36
90.46076866669543,-0.0,0.0,-0.06,0.02,-0.03,-0.0,157.62,3.36,-1.36
101.1943640223895,-0.0,-0.0,0.0,0.02,-0.03,0.0,157.63,3.36,-1.36
103.22661941327033,-0.0,-0.0,0.0,0.03,-0.03,0.0,157.63,3.36,-1.36
100.9167989990857,-0.0,-0.0,0.0,0.03,-0.03,0.0,157.63,3.36,-1.36
98.90360309375589,-0.0,-0.0,0.0,0.03,-0.03,0.0,157.63,3.36,-1.36
103.8348269544982,-0.0,-0.0,0.0,0.03,-0.03,0.0,157.63,3.36,-1.36
98.94093225136818,0.06,-0.06,-0.06,0.02,-0.02,0.0,157.64,3.35,-1.35
100.85370780032702,0.06,-0.06,-0.06,0.02,-0.02,0.0,157.64,3.35,-1.35
92.42423040479495,-0.0,-0.0,0.0,0.02,-0.02,0.0,157.64,3.35,-1.35
101.62097204050977,0.06,-0.06,-0.06,0.02,-0.03,0.0,157.65,3.35,-1.35
98.84300325210916,-0.0,-0.0,0.0,0.03,-0.03,0.0,157.65,3.35,-1.35
101.8653066180935,-0.0,-0.0,0.0,0.03,-0.03,0.0,157.65,3.35,-1.35
101.17239549412645,-0.0,0.11,0.0,0.03,-0.03,-0.0,157.65,3.35,-1.36
101.49801568096022,-0.0,0.06,0.0,0.02,-0.03,0.0,157.66,3.35,-1.36
101.41212311709664,-0.0,0.06,0.0,0.02,-0.03,0.0,157.66,3.35,-1.36
97.34274043817304,-0.0,-0.0,0.0,0.03,-0.03,-0.0,157.66,3.35,-1.36
102.82425044740262,-0.0,0.06,0.0,0.02,-0.03,0.0,157.66,3.35,-1.36
100.55871493646607,-0.0,-0.0,0.0,0.02,-0.02,0.0,157.67,3.35,-1.36
100.11944716301052,-0.0,-0.0,0.0,0.02,-0.02,0.0,157.67,3.35,-1.36
93.37275155832592,-0.0,-0.0,0.0,0.02,-0.02,0.0,157.67,3.35,-1.36
89.64295026608818,-0.0,-0.0,0.0,0.02,-0.02,0.0,157.67,3.35,-1.36
113.725332827201,0.06,-0.11,-0.0,0.03,-0.03,0.0,157.67,3.35,-1.36
101.09923590522332,0.06,-0.11,-0.0,0.03,-0.03,0.0,157.67,3.35,-1.36
100.1505253104107,-0.0,-0.0,0.0,0.03,-0.03,0.0,157.68,3.35,-1.36
101.13092539904518,-0.06,0.11,0.0,0.02,-0.03,0.0,157.68,3.36,-1.35
101.03591645990413,-0.06,0.11,0.0,0.02,-0.03,0.0,157.68,3.36,-1.35
102.21284269526015,-0.06,0.06,0.0,0.02,-0.03,-0.0,157.68,3.36,-1.35
100.1218371049365,-0.06,0.06,0.0,0.02,-0.03,-0.0,157.68,3.36,-1.35
100.00963303846062,-0.0,-0.0,0.0,0.02,-0.03,0.0,157.69,3.37,-1.35
100.42869456948569,-0.0,-0.0,0.0,0.02,-0.03,0.0,157.69,3.37,-1.35
99.79072589279342,-0.0,-0.0,0.0,0.02,-0.03,0.0,157.7,3.37,-1.35
99.60351460460699,0.06,-0.11,-0.0,0.03,-0.03,0.0,157.7,3.37,-1.35
102.2552050319372,-0.0,-0.0,0.0,0.03,-0.03,-0.0,157.7,3.37,-1.35
91.03209983722192,-0.0,-0.0,0.0,0.03,-0.03,-0.0,157.7,3.37,-1.35
100.94108586830959,0.0,-0.06,-0.0,0.03,-0.02,0.0,157.7,3.36,-1.34
101.15531545437005,18.9,-1.62,41.83,0.06,0.38,0.07,158.48,3.63,-0.3
101.33616815655955,18.9,-1.62,41.83,0.06,0.38,0.07,158.48,3.63,-0.3
102.6531241586921,62.91,2.74,-29.5,0.41,-0.81,0.17,158.19,3.54,0.03
97.84002425995475,62.91,2.74,-29.5,0.41,-0.81,0.17,158.19,3.54,0.03
101.59635694215677,0.04,-1.99,-71.45,0.03,-0.14,-0.01,156.45,3.54,0.11
101.10898440324952,0.04,-1.99,-71.45,0.03,-0.14,-0.01,156.45,3.54,0.11
98.84300325210916,0.04,-1.99,-71.45,0.03,-0.14,-0.01,156.45,3.54,0.11
104.7188475270267,0.34,-3.88,-138.89,0.1,-0.15,-0.0,155.05,3.49,-0.01
99.59641915797972,13.18,-2.01,-39.15,0.01,0.05,0.03,152.09,3.68,0.1
100.05257508170129,13.18,-2.01,-39.15,0.01,0.05,0.03,152.09,3.68,0.1
100.74953760418919,13.18,-2.01,-39.15,0.01,0.05,0.03,152.09,3.68,0.1
101.35086023583993,19.44,-2.23,-30.83,0.02,0.03,0.02,151.78,3.64,0.3
102.4800625488663,-38.14,-0.03,-57.14,0.27,-0.01,-0.26,150.84,3.37,0.34
88.95849328723833,-38.14,-0.03,-57.14,0.27,-0.01,-0.26,150.84,3.37,0.34
102.12324998173894,-38.14,-0.03,-57.14,0.27,-0.01,-0.26,150.84,3.37,0.34
101.45137024405582,-38.14,-0.03,-57.14,0.27,-0.01,-0.26,150.84,3.37,0.34
101.23344274956555,-36.2,0.23,-91.25,-0.05,0.06,0.2,149.92,3.43,-0.01
101.84799184109562,58.07,-4.9,-38.77,-0.14,0.1,0.09,149.55,3.48,0.61
98.36547842401501,77.78,-3.42,-32.35,0.02,-0.01,0.05,149.26,3.46,1.38
100.74469771575433,77.78,-3.42,-32.35,0.02,-0.01,0.05,149.26,3.46,1.38
100.43831417624521,96.42,-4.42,-51.18,0.03,-0.05,0.11,148.77,3.45,2.33
100.11944716301052,96.42,-4.42,-51.18,0.03,-0.05,0.11,148.77,3.45,2.33
104.30737857800105,200.8,-11.15,-65.25,-0.14,-0.04,0.02,146.0,3.64,8.83
100.82461538461538,200.8,-11.15,-65.25,-0.14,-0.04,0.02,146.0,3.64,8.83
104.04087909907228,200.8,-11.15,-65.25,-0.14,-0.04,0.02,146.0,3.64,8.83
99.82160026655242,190.62,-7.47,-36.11,-0.17,-0.04,-0.09,145.69,3.77,10.73
99.22884383354231,188.72,-4.16,-11.99,0.03,0.05,-0.03,145.86,3.86,18.12
101.6062015503876,188.72,-4.16,-11.99,0.03,0.05,-0.03,145.86,3.86,18.12
90.97089315924175,193.07,-5.36,-14.38,0.01,0.02,0.02,145.77,3.86,20.07
101.71461829469396,242.62,-12.53,-24.45,-0.01,0.02,0.04,145.37,3.82,26.86
99.08116791080035,242.62,-12.53,-24.45,-0.01,0.02,0.04,145.37,3.82,26.86
102.4950882166072,242.62,-12.53,-24.45,-0.01,0.02,0.04,145.37,3.82,26.86
99.96911049671084,260.36,-18.13,-31.85,-0.02,-0.01,0.04,145.07,3.8,29.44
101.9693190382418,220.1,-34.49,-41.39,0.01,-0.09,-0.04,143.1,3.55,39.26
100.39023456199138,220.1,-34.49,-41.39,0.01,-0.09,-0.04,143.1,3.55,39.26
98.13992231737564,204.84,-9.04,-10.37,-0.01,-0.12,-0.01,142.99,3.5,41.25
100.65765917108642,154.07,12.56,12.25,0.04,-0.03,-0.02,143.48,3.31,44.57
101.38760907926225,154.07,12.56,12.25,0.04,-0.03,-0.02,143.48,3.31,44.57
104.4944816761753,154.07,12.56,12.25,0.04,-0.03,-0.02,143.48,3.31,44.57
99.4712327467628,180.93,-14.08,-12.4,0.05,0.06,0.2,143.31,3.19,46.32
99.23353916767218,389.38,-52.56,-36.81,-0.13,0.03,0.08,141.68,2.8,55.56
100.2702366722448,389.38,-52.56,-36.81,-0.13,0.03,0.08,141.68,2.8,55.56
101.08705292586522,389.38,-52.56,-36.81,-0.13,0.03,0.08,141.68,2.8,55.56
93.3602813515559,467.29,-37.69,-22.87,-0.1,-0.03,0.01,141.27,2.62,60.22
99.36283521273572,485.84,167.12,39.62,0.12,-0.22,-0.31,144.25,1.8,76.21
99.8857850491772,485.84,167.12,39.62,0.12,-0.22,-0.31,144.25,1.8,76.21
100.48643986583613,315.63,110.09,18.65,0.46,-0.24,-0.15,145.3,1.21,79.49
100.87068613068469,60.1,77.4,10.23,-0.0,0.01,-0.12,146.44,0.59,81.55
102.72351889495727,60.1,77.4,10.23,-0.0,0.01,-0.12,146.44,0.59,81.55
98.66861135288998,60.1,77.4,10.23,-0.0,0.01,-0.12,146.44,0.59,81.55
100.86098352771432,74.38,78.92,11.25,0.04,0.01,0.02,147.1,0.23,82.35
100.66490663850621,41.65,30.75,2.55,0.08,-0.02,0.1,148.08,-0.85,84.02
103.38182445589214,41.65,30.75,2.55,0.08,-0.02,0.1,148.08,-0.85,84.02
97.9611360239163,63.25,17.09,1.57,0.07,-0.0,0.14,148.05,-1.24,84.64
103.03389997052176,63.25,17.09,1.57,0.07,-0.0,0.14,148.05,-1.24,84.64
99.14440373478313,14.81,35.82,1.84,0.03,0.0,0.0,148.03,-2.38,85.99
91.70082424189422,14.81,35.82,1.84,0.03,0.0,0.0,148.03,-2.38,85.99
100.65041274716836,23.54,42.01,1.83,0.02,0.01,0.09,148.21,-2.74,86.22
101.09192576524464,76.37,-14.12,3.44,0.01,0.03,0.11,147.76,-3.54,87.5
100.44553009076323,76.37,-14.12,3.44,0.01,0.03,0.11,147.76,-3.54,87.5
100.14574280120338,88.34,-28.25,12.25,-0.01,0.08,0.01,147.23,-4.02,88.46
101.79855346827824,74.8,-6.73,8.64,-0.01,0.02,0.07,146.51,-5.52,90.98
100.12422716096536,74.8,-6.73,8.64,-0.01,0.02,0.07,146.51,-5.52,90.98
100.13378852627307,62.41,-1.9,9.28,-0.01,-0.0,0.08,146.25,-5.95,91.63
101.01401666586388,48.2,10.95,2.9,-0.03,0.01,0.09,145.95,-6.7,92.69
101.13092539904518,48.2,10.95,2.9,-0.03,0.01,0.09,145.95,-6.7,92.69
100.70357743097239,48.2,10.95,2.9,-0.03,0.01,0.09,145.95,-6.7,92.69
100.77616530514176,45.87,12.81,2.24,-0.04,0.01,0.1,145.86,-7.05,93.15
102.70842618213875,37.05,15.83,-12.82,-0.12,-0.01,0.01,145.63,-7.75,94.38
99.39344534230669,37.05,15.83,-12.82,-0.12,-0.01,0.01,145.63,-7.75,94.38
99.6555787873028,47.05,24.02,-13.64,-0.14,0.04,0.0,145.66,-7.88,94.87
91.20629743188293,47.05,24.02,-13.64,-0.14,0.04,0.0,145.66,-7.88,94.87
100.51292865872655,66.19,14.93,-3.86,-0.16,0.02,-0.0,145.61,-8.28,96.19
102.94286275279796,66.19,14.93,-3.86,-0.16,0.02,-0.0,145.61,-8.28,96.19
102.71094132628073,67.15,9.66,-3.25,-0.17,-0.01,0.01,145.49,-8.5,96.89
98.97361838689886,72.09,5.58,-6.46,-0.18,-0.05,0.04,145.2,-8.83,98.35
101.01158394143005,72.09,5.58,-6.46,-0.18,-0.05,0.04,145.2,-8.83,98.35
100.51292865872655,67.23,1.41,-7.45,-0.17,-0.02,0.02,145.02,-8.97,99.05
98.6848618888523,67.23,1.41,-7.45,-0.17,-0.02,0.02,145.02,-8.97,99.05
102.50761297260307,35.77,-7.98,-4.31,-0.17,-0.0,0.05,144.29,-9.4,100.47
101.41702734724473,25.22,-11.01,-4.56,-0.18,-0.01,0.05,143.98,-9.52,100.75
101.39005994971959,25.22,-11.01,-4.56,-0.18,-0.01,0.05,143.98,-9.52,100.75
98.3354980892317,25.22,-11.01,-4.56,-0.18,-0.01,0.05,143.98,-9.52,100.75
103.85282392849184,20.07,-21.16,-10.33,-0.16,0.02,0.06,142.84,-9.71,101.51
98.24566663543521,20.07,-21.16,-10.33,-0.16,0.02,0.06,142.84,-9.71,101.51
93.21504133700773,21.18,-22.91,-10.81,-0.17,0.03,0.06,142.44,-9.74,101.77
100.21034523951738,21.18,-22.91,-10.81,-0.17,0.03,0.06,142.44,-9.74,101.77
101.02131554228184,15.59,-43.92,-22.45,-0.18,0.03,0.02,141.35,-9.57,102.41
101.87520341988292,15.59,-43.92,-22.45,-0.18,0.03,0.02,141.35,-9.57,102.41
99.23588700137226,18.66,-31.31,-22.17,-0.16,0.09,0.07,140.88,-9.48,102.66
100.59489147379782,41.31,-35.43,14.51,-0.14,0.04,0.04,139.45,-10.04,104.22
101.14555802064243,41.31,-35.43,14.51,-0.14,0.04,0.04,139.45,-10.04,104.22
100.55148275118069,41.31,-35.43,14.51,-0.14,0.04,0.04,139.45,-10.04,104.22
103.4124115486082,28.5,-33.17,9.47,-0.16,0.03,0.04,138.9,-10.23,104.59
97.56237352003907,-5.9,-9.03,15.07,-0.22,0.01,-0.03,137.69,-10.83,105.18
101.29211746522411,-5.9,-9.03,15.07,-0.22,0.01,-0.03,137.69,-10.83,105.18
100.9167989990857,-22.32,-2.44,20.98,-0.21,0.02,-0.02,137.39,-11.17,105.04
99.96672784040804,-57.67,-82.03,41.62,-0.16,-0.0,0.0,134.95,-12.1,104.04
102.62298451224585,-57.67,-82.03,41.62,-0.16,-0.0,0.0,134.95,-12.1,104.04
99.52079724759759,-42.93,-55.75,25.3,-0.08,0.07,0.03,134.13,-12.39,103.79
91.50277062699071,-42.93,-55.75,25.3,-0.08,0.07,0.03,134.13,-12.39,103.79
101.69488895354476,-40.52,-9.34,2.02,-0.24,0.03,0.04,133.35,-12.6,103.16
99.43350244179982,-40.52,-9.34,2.02,-0.24,0.03,0.04,133.35,-12.6,103.16
105.09669498108197,-46.87,-5.47,1.17,-0.22,0.04,0.04,133.09,-12.71,102.76
97.49207382269536,-41.31,6.72,-1.15,-0.24,0.03,0.05,132.47,-13.03,101.65
101.3998646165748,-41.31,6.72,-1.15,-0.24,0.03,0.05,132.47,-13.03,101.65
101.06513096069975,-41.31,6.72,-1.15,-0.24,0.03,0.05,132.47,-13.03,101.65
100.04780192257233,-52.12,8.4,-1.27,-0.26,0.04,0.05,132.34,-13.13,101.16
103.39456687866686,-57.5,-14.0,2.28,-0.25,0.04,0.11,131.81,-13.32,100.05
84.4553087811852,-57.5,-14.0,2.28,-0.25,0.04,0.11,131.81,-13.32,100.05
72.55577082756712,-32.16,-58.92,8.72,-0.24,0.04,0.14,131.0,-13.39,99.87
88.9868035812789,11.01,-94.45,13.52,-0.25,0.04,0.11,128.68,-13.46,100.35
100.03109945146673,29.31,-87.5,12.38,-0.26,0.04,0.07,127.56,-13.49,100.89
138.90263611074315,29.31,-87.5,12.38,-0.26,0.04,0.07,127.56,-13.49,100.89
150.2526956833244,32.56,-59.38,7.71,-0.25,0.04,0.05,126.73,-13.53,101.42
104.40604386030418,25.95,-1.28,-0.02,-0.23,0.05,0.08,126.14,-13.73,102.14
106.60864702742546,25.95,-1.28,-0.02,-0.23,0.05,0.08,126.14,-13.73,102.14
98.96194228818159,25.95,-1.28,-0.02,-0.23,0.05,0.08,126.14,-13.73,102.14
103.0794789874662,-3.19,-0.25,0.03,-0.23,0.04,0.04,125.92,-13.84,102.18
97.29080745053467,-39.46,-1.66,0.48,-0.24,0.04,0.05,125.49,-14.02,101.63
104.78163331584601,-46.49,-1.38,0.43,-0.23,0.04,0.06,125.26,-14.1,101.22
100.25345985610824,-46.49,-1.38,0.43,-0.23,0.04,0.06,125.26,-14.1,101.22
102.51763498154621,-46.49,-1.38,0.43,-0.23,0.04,0.06,125.26,-14.1,101.22
100.97510713081998,-60.88,-1.43,0.39,-0.2,0.04,0.05,125.03,-14.2,100.69
98.93626456574043,-83.38,0.13,5.43,-0.25,0.04,0.13,124.39,-14.46,98.42
99.96672784040804,-83.38,0.13,5.43,-0.25,0.04,0.13,124.39,-14.46,98.42
101.03591645990413,-83.38,0.13,5.43,-0.25,0.04,0.13,124.39,-14.46,98.42
101.03591645990413,-83.38,0.13,5.43,-0.25,0.04,0.13,124.39,-14.46,98.42
93.91844868895407,-76.77,-0.05,4.91,-0.25,0.04,0.12,124.17,-14.56,97.67
104.27625985132885,-77.18,0.07,4.34,-0.25,0.03,0.08,123.51,-14.86,95.53
94.22014556563931,-77.18,0.07,4.34,-0.25,0.03,0.08,123.51,-14.86,95.53
101.32882371415457,-77.18,0.07,4.34,-0.25,0.03,0.08,123.51,-14.86,95.53
99.82160026655242,-79.8,0.05,3.16,-0.25,0.03,0.09,123.3,-14.94,94.76
100.93865665535581,-79.8,0.05,3.16,-0.25,0.03,0.09,123.3,-14.94,94.76
102.09590574947666,-66.75,0.05,0.62,-0.26,0.03,0.13,122.68,-15.11,92.61
101.85541173899318,-66.75,0.05,0.62,-0.26,0.03,0.13,122.68,-15.11,92.61
97.76248747173857,-66.75,0.05,0.62,-0.26,0.03,0.13,122.68,-15.11,92.61
104.07185747605578,-55.27,1.45,0.46,-0.29,0.04,0.17,122.49,-15.14,92.04
101.91976283624523,14.34,35.48,0.58,-0.26,0.03,0.09,122.99,-15.53,92.15
100.31820138722793,14.34,35.48,0.58,-0.26,0.03,0.09,122.99,-15.53,92.15
100.95080388947723,9.66,18.39,0.18,-0.27,0.04,0.1,122.97,-15.6,92.21
101.4636412017998,127.65,-26.0,-3.14,-0.31,0.03,0.08,122.06,-15.66,94.69
98.09401749380233,127.65,-26.0,-3.14,-0.31,0.03,0.08,122.06,-15.66,94.69
102.492583632676,127.65,-26.0,-3.14,-0.31,0.03,0.08,122.06,-15.66,94.69
92.27173530447025,137.26,-2.83,-6.97,-0.27,0.03,0.03,121.82,-15.67,96.14
97.28178128261627,97.38,92.83,-13.15,-0.28,0.07,0.06,123.02,-15.87,99.43
105.69789829141676,58.86,80.05,-9.78,-0.28,0.05,0.15,123.67,-15.99,99.77
96.59843390142791,58.86,80.05,-9.78,-0.28,0.05,0.15,123.67,-15.99,99.77
102.03133210080763,8.21,-4.7,0.49,-0.25,0.05,0.04,123.62,-16.11,100.49
104.36447784219563,8.21,-4.7,0.49,-0.25,0.05,0.04,123.62,-16.11,100.49
96.97588495063698,-24.64,5.03,-0.62,-0.28,0.05,0.05,123.5,-16.12,100.24
100.84400846316599,-43.16,4.77,-0.27,-0.31,0.05,0.07,123.4,-16.15,99.06
103.82454576959256,-43.16,4.77,-0.27,-0.31,0.05,0.07,123.4,-16.15,99.06
99.9310016201277,-33.02,-1.33,0.31,-0.3,0.05,0.1,123.23,-16.14,98.72
98.86863258138274,-33.02,-1.33,0.31,-0.3,0.05,0.1,123.23,-16.14,98.72
101.04078437040785,-7.73,-18.61,2.44,-0.28,0.05,0.12,122.61,-16.13,98.49
100.80765255846372,-7.73,-18.61,2.44,-0.28,0.05,0.12,122.61,-16.13,98.49
102.7033962633757,-12.55,-28.52,3.67,-0.29,0.05,0.1,122.15,-16.11,98.44
88.95094691748139,10.19,-27.32,2.14,-0.29,0.04,0.08,121.17,-16.03,98.63
100.96295404761332,10.19,-27.32,2.14,-0.29,0.04,0.08,121.17,-16.03,98.63
100.18880183451175,10.19,-27.32,2.14,-0.29,0.04,0.08,121.17,-16.03,98.63
102.79652958188323,12.88,-10.11,0.2,-0.3,0.05,0.07,120.91,-16.01,98.8
101.93957953578807,17.08,7.05,-0.83,-0.28,0.04,0.06,120.79,-16.02,99.13
91.26782139437724,17.08,7.05,-0.83,-0.28,0.04,0.06,120.79,-16.02,99.13
98.56658754964397,-33.2,80.07,-8.29,-0.25,0.05,-0.01,121.45,-16.09,98.62
100.94108586830959,-33.2,80.07,-8.29,-0.25,0.05,-0.01,121.45,-16.09,98.62
101.21634209319723,-37.92,45.99,-2.07,-0.21,0.06,0.24,122.53,-16.24,97.48
102.1555847825028,-37.92,45.99,-2.07,-0.21,0.06,0.24,122.53,-16.24,97.48
100.62143748200748,-61.23,2.18,3.79,-0.26,0.04,0.1,122.41,-16.25,96.83
99.268768342327,-61.23,2.18,3.79,-0.26,0.04,0.1,122.41,-16.25,96.83
91.01629668207364,-78.63,0.9,4.93,-0.31,0.04,0.04,121.98,-16.24,94.76
100.57800585103831,-78.63,0.9,4.93,-0.31,0.04,0.04,121.98,-16.24,94.76
103.70133016861989,-83.39,0.76,4.51,-0.26,0.04,0.07,121.85,-16.25,93.91
100.53702150099475,-76.21,0.54,1.4,-0.27,0.04,0.11,121.59,-16.19,92.27
98.62452972159518,-76.21,0.54,1.4,-0.27,0.04,0.11,121.59,-16.19,92.27
100.68907240253505,-66.29,0.57,0.74,-0.29,0.04,0.13,121.46,-16.15,91.57
100.7567983088306,-66.29,0.57,0.74,-0.29,0.04,0.13,121.46,-16.15,91.57
100.36861375002991,-23.62,-0.12,0.05,-0.26,0.04,0.1,120.92,-16.06,90.05
102.55022004889976,-23.62,-0.12,0.05,-0.26,0.04,0.1,120.92,-16.06,90.05
98.56195511690753,-12.48,-0.04,0.06,-0.26,0.04,0.13,120.79,-16.04,89.88
100.56835946866158,-5.92,0.35,-0.0,-0.28,0.04,0.09,120.53,-15.97,89.72
100.87068613068469,-5.92,0.35,-0.0,-0.28,0.04,0.09,120.53,-15.97,89.72
104.43463970917783,-5.92,0.35,-0.0,-0.28,0.04,0.09,120.53,-15.97,89.72
90.39448275862068,-2.61,0.49,0.03,-0.26,0.04,0.09,120.4,-15.95,89.67
101.69488895354476,4.47,0.03,-0.04,-0.27,0.03,0.07,120.01,-15.86,89.71
98.79643849813917,4.47,0.03,-0.04,-0.27,0.03,0.07,120.01,-15.86,89.71
100.08838829761848,4.41,0.03,-0.04,-0.27,0.04,0.07,119.87,-15.83,89.75
103.33088615702988,4.47,0.15,-0.04,-0.27,0.04,0.08,119.6,-15.77,89.82
100.06212276641935,7.37,0.51,-0.01,-0.27,0.04,0.1,119.49,-15.74,89.87
98.54574503077863,7.37,0.51,-0.01,-0.27,0.04,0.1,119.49,-15.74,89.87
101.71955182616287,17.75,1.61,-0.05,-0.27,0.04,0.12,119.38,-15.71,90.01
100.22710762760467,25.71,1.67,-0.06,-0.26,0.03,0.08,119.16,-15.67,90.47
99.04607174061917,25.71,1.67,-0.06,-0.26,0.03,0.08,119.16,-15.67,90.47
104.14162631905648,28.95,3.06,-0.15,-0.26,0.04,0.09,119.06,-15.65,90.73
98.1054896732393,33.92,8.14,-0.18,-0.25,0.03,0.09,119.02,-15.65,91.03
101.00428647112652,21.2,55.61,-0.07,-0.27,0.03,0.06,119.59,-15.64,91.34
100.09794281895853,15.36,83.86,-0.41,-0.25,0.04,0.11,120.33,-15.68,91.22
92.6017574071621,80.47,59.45,3.4,-0.19,0.28,0.15,121.44,-15.84,91.97
101.83562774661908,80.47,59.45,3.4,-0.19,0.28,0.15,121.44,-15.84,91.97
101.69982057126231,80.47,59.45,3.4,-0.19,0.28,0.15,121.44,-15.84,91.97
100.05734869629524,92.05,85.23,1.28,-0.2,0.23,0.05,122.19,-15.94,92.65
101.60866300055719,112.39,189.62,-3.49,-0.26,0.25,0.05,126.87,-16.52,94.25
101.96684008362911,112.39,189.62,-3.49,-0.26,0.25,0.05,126.87,-16.52,94.25
98.45552921292928,93.58,133.96,8.15,-0.26,0.24,0.14,128.16,-16.73,94.73
101.27499698176989,-53.34,80.64,77.06,-0.18,0.13,0.1,129.69,-18.89,93.4
104.78163331584601,-53.34,80.64,77.06,-0.18,0.13,0.1,129.69,-18.89,93.4
97.15784109335186,-53.34,80.64,77.06,-0.18,0.13,0.1,129.69,-18.89,93.4
103.374180509686,-81.69,95.28,76.38,-0.12,0.16,0.2,130.63,-19.68,92.13
97.6259572190024,-117.76,103.6,79.95,-0.09,0.24,0.26,131.71,-20.48,90.43
101.36310688996834,-117.76,103.6,79.95,-0.09,0.24,0.26,131.71,-20.48,90.43
101.03835035652341,-142.15,102.7,87.12,-0.07,0.28,0.29,132.81,-21.3,88.45
91.20629743188293,-142.15,102.7,87.12,-0.07,0.28,0.29,132.81,-21.3,88.45
101.08948928683328,-126.85,59.34,84.99,-0.08,0.22,0.19,135.48,-23.52,82.94
102.50009775171065,-126.85,59.34,84.99,-0.08,0.22,0.19,135.48,-23.52,82.94
98.16289084441117,-114.31,42.67,81.16,-0.1,0.18,0.09,136.04,-24.18,81.51
101.83562774661908,-114.31,42.67,81.16,-0.1,0.18,0.09,136.04,-24.18,81.51
102.14065848431716,-9.06,2.11,67.12,-0.18,0.01,-0.04,137.11,-25.91,79.34
100.66973886328725,-9.06,2.11,67.12,-0.18,0.01,-0.04,137.11,-25.91,79.34
98.61293583805515,32.0,-14.94,38.46,-0.21,-0.05,-0.03,137.01,-26.2,79.72
101.61850999394306,56.26,-0.64,38.9,-0.19,0.09,0.08,136.94,-26.69,80.88
101.36310688996834,56.26,-0.64,38.9,-0.19,0.09,0.08,136.94,-26.69,80.88
99.20772032735702,56.26,-0.64,38.9,-0.19,0.09,0.08,136.94,-26.69,80.88
103.44301674599848,45.19,14.78,44.83,-0.18,0.09,0.19,137.22,-26.99,81.13
98.52954027578754,-93.97,47.75,32.83,-0.3,-0.09,-0.04,138.74,-27.51,79.26
101.0091513341682,-93.97,47.75,32.83,-0.3,-0.09,-0.04,138.74,-27.51,79.26
91.40107651071062,-118.16,47.49,24.85,-0.33,0.02,-0.16,139.26,-27.42,77.95
101.31658534228707,-99.01,45.27,21.74,-0.39,0.2,-0.25,140.23,-27.08,75.62
102.61545236580712,-62.7,39.31,22.82,-0.41,0.23,-0.28,140.63,-26.92,74.99
98.55269155760239,-62.7,39.31,22.82,-0.41,0.23,-0.28,140.63,-26.92,74.99
101.53732933088021,-29.07,47.73,23.1,-0.42,0.14,-0.33,141.11,-26.76,74.68
100.83431099144148,-29.07,47.73,23.1,-0.42,0.14,-0.33,141.11,-26.76,74.68
100.55148275118069,20.64,52.32,10.14,-0.39,0.0,-0.24,142.17,-26.25,74.78
101.61358625869129,20.64,52.32,10.14,-0.39,0.0,-0.24,142.17,-26.25,74.78
97.66460205839891,26.81,53.59,4.23,-0.36,0.01,-0.21,142.71,-25.94,74.96
102.45002442598926,242.44,284.93,-101.94,-1.06,0.28,-1.26,145.9,-23.8,76.67
101.08461668233195,217.96,440.3,-36.4,-0.0,0.67,-0.46,150.45,-22.6,77.28
99.76224341745356,217.96,440.3,-36.4,-0.0,0.67,-0.46,150.45,-22.6,77.28
103.33852370158668,-211.09,88.73,107.82,0.35,-0.23,1.18,151.81,-23.51,74.26
89.2937068892106,-78.58,199.77,-30.9,-0.11,-0.01,-0.05,154.22,-21.23,66.88
101.0091513341682,-78.58,199.77,-30.9,-0.11,-0.01,-0.05,154.22,-21.23,66.88
100.92165543792107,-102.56,99.34,-29.64,-0.2,-0.08,-0.02,155.09,-20.42,65.58
99.563320435825,-102.56,99.34,-29.64,-0.2,-0.08,-0.02,155.09,-20.42,65.58
104.29700360561979,-2.84,13.75,11.59,-0.17,0.13,-0.05,156.18,-19.2,65.02
97.75565189017853,-2.84,13.75,11.59,-0.17,0.13,-0.05,156.18,-19.2,65.02
101.69242332403928,13.89,-13.38,29.8,-0.2,0.13,-0.04,156.17,-19.37,65.24
100.57318242854403,13.89,-13.38,29.8,-0.2,0.13,-0.04,156.17,-19.37,65.24
100.21273952310412,13.89,-13.38,29.8,-0.2,0.13,-0.04,156.17,-19.37,65.24
104.09510336783065,32.35,-47.76,58.07,-0.2,0.1,-0.04,155.74,-20.37,66.1
97.68962385000582,27.08,-37.3,77.94,-0.14,0.02,-0.11,155.66,-21.14,66.47
101.34596240274489,27.08,-37.3,77.94,-0.14,0.02,-0.11,155.66,-21.14,66.47
101.12117266984907,24.5,-16.59,91.78,-0.2,0.09,-0.04,155.85,-21.9,66.7
102.09093564404634,44.05,-4.44,176.33,-0.19,0.06,0.05,157.01,-24.55,67.01
91.45887483645879,44.05,-4.44,176.33,-0.19,0.06,0.05,157.01,-24.55,67.01
101.38270769379517,62.63,-18.06,193.97,-0.07,0.02,-0.02,157.59,-26.37,67.37
97.59415501314656,62.63,-18.06,193.97,-0.07,0.02,-0.02,157.59,-26.37,67.37
102.31257470423222,-6.26,65.9,8.24,-0.15,0.05,-0.05,159.58,-27.63,67.26
100.18162275778059,-6.26,65.9,8.24,-0.15,0.05,-0.05,159.58,-27.63,67.26
101.95940394292244,-9.96,56.49,3.95,-0.13,0.02,0.01,160.19,-27.36,66.9
97.97028870410165,-23.63,36.96,19.81,-0.2,0.03,-0.12,161.98,-26.49,64.64
101.99163505495575,100.49,8.88,8.44,-0.4,0.2,0.23,162.13,-26.35,65.56
101.14311895632882,147.56,-47.42,64.85,0.26,0.11,-0.17,161.87,-27.26,67.25
99.74326413164967,147.56,-47.42,64.85,0.26,0.11,-0.17,161.87,-27.26,67.25
102.44752204391686,46.31,22.36,-2.05,-0.08,0.12,-0.09,161.95,-27.38,68.69
99.15143492033474,46.31,22.36,-2.05,-0.08,0.12,-0.09,161.95,-27.38,68.69
102.24523426454098,69.03,50.15,-22.8,-0.05,0.13,0.04,162.4,-26.95,69.2
99.85011665000238,69.03,50.15,-22.8,-0.05,0.13,0.04,162.4,-26.95,69.2
92.43848900251245,59.48,63.38,0.96,-0.14,-0.05,-0.24,164.12,-25.83,70.93
98.57122041785152,59.48,63.38,0.96,-0.14,-0.05,-0.24,164.12,-25.83,70.93
102.4125015260652,33.23,80.0,-5.76,-0.17,-0.03,-0.13,164.91,-25.45,71.0
100.03348517732357,59.1,92.03,-75.06,-0.06,0.05,0.13,167.33,-23.03,70.91
100.85855816861444,59.1,92.03,-75.06,-0.06,0.05,0.13,167.33,-23.03,70.91
103.69107540173053,59.1,92.03,-75.06,-0.06,0.05,0.13,167.33,-23.03,70.91
98.90826769796728,69.27,102.99,-93.21,-0.12,0.08,0.1,168.13,-21.74,71.32
100.48643986583613,92.37,131.08,-118.1,-0.34,0.09,0.06,170.03,-18.58,72.46
100.45755891933321,92.37,131.08,-118.1,-0.34,0.09,0.06,170.03,-18.58,72.46
103.51449937066562,90.59,140.58,-135.79,-0.39,0.02,0.0,171.09,-16.68,73.11
98.07796094937449,73.48,151.55,-133.77,-0.4,0.05,-0.03,173.36,-12.85,74.25
100.84400846316599,72.75,165.84,-135.74,-0.42,0.11,-0.01,174.68,-10.91,74.79
101.8653066180935,72.75,165.84,-135.74,-0.42,0.11,-0.01,174.68,-10.91,74.79
101.56929410340234,78.02,185.35,-140.62,-0.49,0.15,0.01,176.21,-8.88,75.4
92.28594688552003,37.67,225.06,-128.34,-0.43,-0.09,-0.16,-178.24,-2.54,77.11
97.7966797239321,37.67,225.06,-128.34,-0.43,-0.09,-0.16,-178.24,-2.54,77.11
102.39000097646714,0.12,225.97,-88.27,-0.3,0.02,0.07,-176.18,-1.07,77.07
100.8488578985333,0.12,225.97,-88.27,-0.3,0.02,0.07,-176.18,-1.07,77.07
100.28701910432059,-83.0,169.14,66.34,0.77,0.39,1.15,-172.43,-0.9,75.36
103.13777755920033,-83.0,169.14,66.34,0.77,0.39,1.15,-172.43,-0.9,75.36
97.9954673956216,-105.21,119.69,181.16,1.72,0.74,1.89,-170.82,-2.64,73.97
102.13817119201266,-52.06,-67.58,183.86,3.73,0.34,3.19,-168.93,-9.99,70.71
104.07185747605578,-52.06,-67.58,183.86,3.73,0.34,3.19,-168.93,-9.99,70.71
96.86614318706698,-52.06,-67.58,183.86,3.73,0.34,3.19,-168.93,-9.99,70.71
103.7398036160372,-19.17,-161.84,101.39,3.69,-0.14,3.6,-170.11,-11.77,70.44
97.74653926823584,40.65,-624.91,-231.09,3.64,-1.94,3.76,175.46,-13.95,73.56
101.52995570187117,40.65,-624.91,-231.09,3.64,-1.94,3.76,175.46,-13.95,73.56
91.30557067287808,77.57,-756.17,-322.0,3.35,-2.22,3.78,167.25,-12.93,75.98
104.19077901430843,229.84,-818.53,-583.01,-2.34,-2.96,3.71,149.38,-5.68,82.08
98.50871342007609,229.84,-818.53,-583.01,-2.34,-2.96,3.71,149.38,-5.68,82.08
98.78945756883435,229.84,-818.53,-583.01,-2.34,-2.96,3.71,149.38,-5.68,82.08
101.33861654062673,288.07,-781.61,-617.33,-4.1,-2.69,3.73,141.12,0.14,85.14
101.3239280106293,261.46,-473.05,-125.33,-3.88,-1.13,1.59,123.29,8.79,90.87
100.22231780167265,261.46,-473.05,-125.33,-3.88,-1.13,1.59,123.29,8.79,90.87
102.99847748145966,217.01,-342.57,13.56,-3.82,-1.43,-0.22,119.82,9.33,92.53
97.83774201073011,217.01,-342.57,13.56,-3.82,-1.43,-0.22,119.82,9.33,92.53
102.98583249441403,137.21,-62.53,106.64,-3.8,-1.67,-1.26,117.18,8.71,95.53
100.98969469324858,137.21,-62.53,106.64,-3.8,-1.67,-1.26,117.18,8.71,95.53
100.33740012439596,79.19,2.58,185.37,-3.81,-1.84,-1.61,116.97,7.32,96.5
102.92770552147239,79.19,2.58,185.37,-3.81,-1.84,-1.61,116.97,7.32,96.5
97.73059626721346,-50.61,89.87,267.46,-0.54,-2.01,-0.79,118.02,-0.25,96.8
91.52473432692517,-50.61,89.87,267.46,-0.54,-2.01,-0.79,118.02,-0.25,96.8
100.81249849777672,-61.47,91.42,228.89,0.02,-1.68,-0.51,118.57,-2.74,96.55
102.42250494493419,-50.96,78.13,133.73,0.58,-0.66,0.1,120.36,-9.44,95.05
102.51512929559564,-50.96,78.13,133.73,0.58,-0.66,0.1,120.36,-9.44,95.05
98.48327032801897,-38.81,63.25,104.14,0.61,-0.5,0.18,120.88,-11.02,94.47
102.09342063627291,-21.28,36.28,43.03,0.36,-0.31,0.17,121.6,-13.01,93.62
100.63350848148949,-21.28,36.28,43.03,0.36,-0.31,0.17,121.6,-13.01,93.62
103.1682203910958,-21.28,36.28,43.03,0.36,-0.31,0.17,121.6,-13.01,93.62
100.37822184994616,-13.41,29.35,15.51,0.22,-0.24,0.22,121.91,-13.42,93.29
97.81036332260622,-9.09,7.57,-17.92,-0.19,-0.11,0.12,122.38,-13.23,92.66
102.05119221411192,-9.09,7.57,-17.92,-0.19,-0.11,0.12,122.38,-13.23,92.66
100.76406006006006,-11.43,2.61,-15.78,-0.3,-0.06,0.05,122.42,-12.95,92.53
104.42423940646317,-11.43,2.61,-15.78,-0.3,-0.06,0.05,122.42,-12.95,92.53
99.84060937871935,-16.88,2.23,-5.52,-0.36,0.06,-0.01,122.39,-12.32,92.08
88.9849156677628,-16.88,2.23,-5.52,-0.36,0.06,-0.01,122.39,-12.32,92.08
103.25711472181192,-14.78,7.54,-9.14,-0.36,0.05,-0.05,122.45,-12.08,91.95
100.13856989375671,-8.05,24.0,-23.97,-0.41,0.06,-0.03,122.84,-11.39,91.75
99.83823284377901,-8.05,24.0,-23.97,-0.41,0.06,-0.03,122.84,-11.39,91.75
102.77637833864249,-8.05,24.0,-23.97,-0.41,0.06,-0.03,122.84,-11.39,91.75
97.6259572190024,-3.98,34.24,-34.49,-0.47,0.06,-0.01,123.19,-10.87,91.66
103.43281300091243,3.65,66.75,-49.93,-0.7,0.15,-0.06,124.96,-8.71,91.52
97.65550640279395,3.65,66.75,-49.93,-0.7,0.15,-0.06,124.96,-8.71,91.52
102.30009756097562,3.65,66.75,-49.93,-0.7,0.15,-0.06,124.96,-8.71,91.52
99.20772032735702,2.06,74.33,-37.61,-0.75,0.13,-0.13,125.71,-8.1,91.51
103.24948920562242,-4.75,91.06,-8.02,-0.72,0.01,-0.15,127.42,-7.33,91.4
99.4405746935679,-4.75,91.06,-8.02,-0.72,0.01,-0.15,127.42,-7.33,91.4
102.3775049427616,-7.42,101.71,-0.22,-0.65,0.03,-0.13,128.42,-7.13,91.28
100.53220200858081,-9.89,108.27,10.38,-0.55,0.05,-0.04,129.48,-7.08,91.07
90.90779834409814,-7.96,115.1,18.58,-0.33,0.12,0.16,131.73,-7.27,90.48
100.51292865872655,-7.96,115.1,18.58,-0.33,0.12,0.16,131.73,-7.27,90.48
98.96894761680038,-2.8,116.28,17.96,-0.27,0.08,0.16,132.89,-7.41,90.22
103.63214982828059,8.25,124.84,-8.64,-0.22,-0.06,0.03,136.55,-7.34,89.72
97.61005352571561,8.25,124.84,-8.64,-0.22,-0.06,0.03,136.55,-7.34,89.72
101.1845990543279,8.25,124.84,-8.64,-0.22,-0.06,0.03,136.55,-7.34,89.72
104.18560286154305,5.8,126.42,-9.64,-0.24,-0.11,-0.01,137.81,-7.2,89.62
100.43590910179354,-7.98,138.01,-3.58,-0.17,-0.05,0.09,141.85,-6.92,88.99
100.52979243564546,-7.98,138.01,-3.58,-0.17,-0.05,0.09,141.85,-6.92,88.99
100.32060082757302,-9.23,136.06,-1.1,-0.09,-0.01,0.17,143.22,-6.92,88.62
98.69647269219004,-9.23,136.06,-1.1,-0.09,-0.01,0.17,143.22,-6.92,88.62
102.1182772137414,-9.23,136.06,-1.1,-0.09,-0.01,0.17,143.22,-6.92,88.62
102.85198626777833,-9.23,136.06,-1.1,-0.09,-0.01,0.17,143.22,-6.92,88.62
88.71951941788646,0.81,125.88,-1.33,0.02,0.09,0.19,147.13,-6.94,87.66
100.34940306720578,0.81,125.88,-1.33,0.02,0.09,0.19,147.13,-6.94,87.66
101.14068000964552,2.95,123.19,-3.83,0.06,0.06,0.16,148.37,-6.94,87.45
100.13617915293894,10.29,117.91,-23.3,0.08,-0.06,0.08,150.77,-6.69,87.21
101.02131554228184,10.29,117.91,-23.3,0.08,-0.06,0.08,150.77,-6.69,87.21
102.4950882166072,10.29,117.91,-23.3,0.08,-0.06,0.08,150.77,-6.69,87.21
99.39580074885066,11.15,116.11,-35.42,0.06,-0.12,0.04,151.93,-6.38,87.16
100.63833769225232,5.97,132.44,-82.8,-0.04,0.11,0.05,155.71,-4.28,87.0
102.23028175879887,5.97,132.44,-82.8,-0.04,0.11,0.05,155.71,-4.28,87.0
101.082180556225,8.95,134.01,-86.95,-0.02,0.17,0.08,157.04,-3.37,86.99
101.34351366371082,8.95,134.01,-86.95,-0.02,0.17,0.08,157.04,-3.37,86.99
103.06681410492689,6.54,111.58,-62.88,-0.15,0.0,-0.0,163.01,0.68,87.4
97.85600298632822,6.54,111.58,-62.88,-0.15,0.0,-0.0,163.01,0.68,87.4
101.69982057126231,0.06,113.89,-58.34,-0.17,0.05,0.01,164.15,1.38,87.45
91.41701357860552,-6.5,113.72,-47.77,-0.04,0.2,0.22,166.44,2.53,87.32
100.68665530403054,-6.5,113.72,-47.77,-0.04,0.2,0.22,166.44,2.53,87.32
98.95727262003066,-6.5,113.72,-47.77,-0.04,0.2,0.22,166.44,2.53,87.32
102.05367527190442,-4.69,107.97,-41.26,0.05,0.19,0.26,167.52,2.96,87.24
100.64799750437933,-0.73,93.33,-33.36,0.04,0.04,0.12,170.39,3.96,87.18
101.42193205174706,-0.73,93.33,-33.36,0.04,0.04,0.12,170.39,3.96,87.18
101.22855625814549,-2.66,95.24,-32.7,-0.0,-0.01,0.03,171.35,4.33,87.24
98.79876569382611,-20.49,101.61,-19.72,0.04,0.11,0.15,174.39,5.19,87.04
102.78141540874338,-20.49,101.61,-19.72,0.04,0.11,0.15,174.39,5.19,87.04
99.74089222866927,-20.49,101.61,-19.72,0.04,0.11,0.15,174.39,5.19,87.04
97.25471282491247,-21.34,100.23,-17.31,0.1,0.17,0.22,175.39,5.36,86.85
106.03458388107998,-20.41,85.91,-0.88,0.2,0.14,0.24,177.2,5.36,86.44
92.95268488354054,-20.41,85.91,-0.88,0.2,0.14,0.24,177.2,5.36,86.44
99.53260560037968,-20.35,79.88,3.35,0.18,0.1,0.18,178.01,5.28,86.26
103.68851202689675,-25.36,85.44,-3.24,0.09,-0.04,0.02,-179.49,5.21,85.82
99.78360374934577,-25.36,85.44,-3.24,0.09,-0.04,0.02,-179.49,5.21,85.82
98.35625175874684,-25.36,85.44,-3.24,0.09,-0.04,0.02,-179.49,5.21,85.82
101.89252745117092,-17.36,101.57,-49.02,0.15,-0.07,0.07,-176.53,6.24,85.55
100.28701910432059,-17.36,101.57,-49.02,0.15,-0.07,0.07,-176.53,6.24,85.55
100.91437095493588,-17.55,103.56,-60.72,0.13,-0.05,0.07,-175.5,6.84,85.51
100.67698807037758,-13.53,91.16,-68.71,0.2,0.12,0.22,-172.57,8.88,85.42
101.86283271808821,-13.53,91.16,-68.71,0.2,0.12,0.22,-172.57,8.88,85.42
100.67457155201383,-13.53,91.16,-68.71,0.2,0.12,0.22,-172.57,8.88,85.42
90.83888852792758,-13.53,91.16,-68.71,0.2,0.12,0.22,-172.57,8.88,85.42
103.01871592081348,-13.53,91.16,-68.71,0.2,0.12,0.22,-172.57,8.88,85.42
98.65468658120663,-12.75,79.35,-64.21,0.25,0.18,0.25,-171.78,9.45,85.39
100.83188691492175,-12.75,79.35,-64.21,0.25,0.18,0.25,-171.78,9.45,85.39
101.43910225403889,-9.22,48.94,-24.94,0.39,0.38,0.47,-170.01,10.24,85.15
100.52256440982624,-9.22,48.94,-24.94,0.39,0.38,0.47,-170.01,10.24,85.15
102.32755129424967,-8.51,39.9,-19.69,0.5,0.43,0.57,-169.62,10.27,85.02
98.79643849813917,-15.04,32.94,-21.25,0.64,0.45,0.63,-169.29,10.27,84.79
101.99163505495575,-15.04,32.94,-21.25,0.64,0.45,0.63,-169.29,10.27,84.79
98.32397205682405,-27.5,26.11,-23.04,0.86,0.64,0.79,-169.03,10.25,84.43
102.04126119112495,-27.5,26.11,-23.04,0.86,0.64,0.79,-169.03,10.25,84.43
102.96560697189149,34.93,-160.74,111.04,3.81,2.64,3.18,-171.17,6.62,82.84
98.38393694877088,34.93,-160.74,111.04,3.81,2.64,3.18,-171.17,6.62,82.84
92.74919287072663,68.3,-265.29,157.27,3.97,2.41,3.72,-173.66,4.43,83.03
100.13856989375671,90.73,-407.86,194.96,3.92,1.7,4.08,-177.53,1.76,83.41
101.96684008362911,121.49,-818.81,147.21,3.08,-0.64,4.02,161.67,-6.69,86.65
101.68009696969698,121.49,-818.81,147.21,3.08,-0.64,4.02,161.67,-6.69,86.65
98.40471107148723,153.82,-831.23,-83.81,0.99,-1.8,3.95,153.4,-6.08,88.72
100.72292397099082,214.13,-788.46,-343.55,-2.54,-2.09,3.9,145.66,-2.18,91.13
101.29701009515529,214.13,-788.46,-343.55,-2.54,-2.09,3.9,145.66,-2.18,91.13
100.01201774047404,214.13,-788.46,-343.55,-2.54,-2.09,3.9,145.66,-2.18,91.13
103.33852370158668,294.09,-725.27,-401.83,-4.06,-1.41,3.94,138.72,2.68,93.78
93.49763709317878,258.14,-437.76,-22.16,-3.81,-2.49,0.4,122.62,10.97,100.22
106.23601225906133,258.14,-437.76,-22.16,-3.81,-2.49,0.4,122.62,10.97,100.22
101.02131554228184,197.11,-262.73,15.3,-3.78,-2.43,-0.35,119.98,11.87,101.78
100.76163936001538,197.11,-262.73,15.3,-3.78,-2.43,-0.35,119.98,11.87,101.78
103.01112557408453,23.35,45.11,230.29,-3.6,-1.85,-1.21,118.09,9.8,104.48
89.23101797681097,23.35,45.11,230.29,-3.6,-1.85,-1.21,118.09,9.8,104.48
101.57913346734155,-23.85,75.14,311.77,-1.92,-2.05,-0.75,117.98,7.04,104.43
101.45627827096587,-23.85,75.14,311.77,-1.92,-2.05,-0.75,117.98,7.04,104.43
102.69082362158457,-60.16,64.78,145.95,0.92,-1.55,-0.1,118.34,-0.5,103.63
99.87864933085679,-60.16,64.78,145.95,0.92,-1.55,-0.1,118.34,-0.5,103.63
98.35855826278639,-58.58,48.8,96.38,0.85,-1.05,0.03,118.54,-2.15,103.16
101.50292822225448,-45.04,20.15,45.8,0.51,-0.43,0.11,118.75,-4.34,102.18
101.30190319775868,-45.04,20.15,45.8,0.51,-0.43,0.11,118.75,-4.34,102.18
101.53241345921084,-35.09,13.08,25.84,0.33,-0.3,0.13,118.8,-4.92,101.78
98.50871342007609,-14.28,7.5,-13.16,-0.11,-0.06,0.22,119.0,-4.99,101.17
98.26177814220452,-3.22,3.89,-20.16,-0.39,-0.0,0.13,119.18,-4.33,100.91
106.41390333629329,-3.22,3.89,-20.16,-0.39,-0.0,0.13,119.18,-4.33,100.91
100.95323368714949,-3.3,5.27,-14.07,-0.41,-0.01,0.08,119.24,-4.03,100.85
101.69242332403928,-7.11,10.07,-6.17,-0.26,-0.07,0.0,119.43,-3.65,100.73
91.3174979861096,-7.11,10.07,-6.17,-0.26,-0.07,0.0,119.43,-3.65,100.73
98.5990267754296,-7.11,10.07,-6.17,-0.26,-0.07,0.0,119.43,-3.65,100.73
100.57800585103831,-7.11,10.07,-6.17,-0.26,-0.07,0.0,119.43,-3.65,100.73
101.32148033626437,-9.89,11.45,-3.67,-0.17,-0.06,-0.01,119.54,-3.59,100.65
102.35501976670409,-15.67,7.84,-3.28,-0.07,-0.03,-0.01,119.81,-3.54,100.28
101.57667344764118,-15.67,7.84,-3.28,-0.07,-0.03,-0.01,119.81,-3.54,100.28
98.25487256371814,-15.67,7.84,-3.28,-0.07,-0.03,-0.01,119.81,-3.54,100.28
101.24810505479651,-15.8,6.88,-5.35,-0.08,-0.03,-0.02,119.88,-3.5,100.15
100.15291673631175,-12.53,12.53,-17.42,-0.21,-0.02,-0.01,120.12,-3.19,99.92
99.50427026001138,-12.53,12.53,-17.42,-0.21,-0.02,-0.01,120.12,-3.19,99.92
105.40570969039003,-11.29,15.68,-20.58,-0.28,-0.03,-0.04,120.3,-2.9,99.84
98.25947617485826,-11.59,21.27,-17.98,-0.45,-0.01,-0.04,120.75,-2.25,99.67
100.99942207667117,-12.98,24.64,-14.63,-0.52,-0.05,-0.07,121.0,-1.93,99.59
101.19924721324132,-12.98,24.64,-14.63,-0.52,-0.05,-0.07,121.0,-1.93,99.59
98.22265936021732,-16.54,31.0,-11.08,-0.6,-0.07,-0.13,121.31,-1.63,99.5
94.84440223413156,-27.33,65.4,-1.38,-0.64,-0.05,0.01,123.42,-0.74,98.68
101.7121517084172,-27.33,65.4,-1.38,-0.64,-0.05,0.01,123.42,-0.74,98.68
100.38783178956942,-28.04,70.99,1.8,-0.62,-0.08,0.05,124.1,-0.62,98.39
101.30190319775868,-30.14,90.27,-2.44,-0.61,-0.12,0.04,126.55,-0.17,97.47
102.22529856202779,-30.14,90.27,-2.44,-0.61,-0.12,0.04,126.55,-0.17,97.47
99.12800151257326,-30.14,90.27,-2.44,-0.61,-0.12,0.04,126.55,-0.17,97.47
101.84799184109562,-31.19,95.52,-0.13,-0.58,-0.17,0.02,127.48,-0.05,97.16
99.55150479445552,-35.73,109.61,-0.05,-0.54,-0.2,0.03,129.53,0.15,96.49
100.25106362636838,-35.73,109.61,-0.05,-0.54,-0.2,0.03,129.53,0.15,96.49
101.9693190382418,-36.44,117.11,-4.85,-0.52,-0.19,0.07,130.68,0.28,96.12
100.81976828037114,-36.44,117.11,-4.85,-0.52,-0.19,0.07,130.68,0.28,96.12
99.2546736712575,-35.64,140.54,-26.09,-0.48,-0.12,0.13,134.65,0.96,94.95
103.95578357746548,-35.64,140.54,-26.09,-0.48,-0.12,0.13,134.65,0.96,94.95
98.10090047947608,-34.61,147.21,-32.23,-0.47,-0.1,0.12,136.12,1.3,94.58
91.41502114118826,-36.13,150.71,-31.12,-0.46,-0.15,0.07,137.64,1.64,94.23
101.65298950582874,-39.65,155.74,-33.02,-0.41,-0.18,0.08,139.19,2.0,93.85
99.66505085067959,-39.65,155.74,-33.02,-0.41,-0.18,0.08,139.19,2.0,93.85
100.56353697132445,-42.18,163.08,-41.25,-0.34,-0.15,0.14,140.84,2.41,93.42
102.75371763149514,-28.74,183.33,-86.83,-0.18,0.11,0.35,146.29,4.34,92.23
100.24866751117378,-28.74,183.33,-86.83,-0.18,0.11,0.35,146.29,4.34,92.23
102.39500024412871,-19.69,183.75,-97.76,-0.15,0.12,0.33,148.16,5.21,92.04
98.24796795577522,-19.69,183.75,-97.76,-0.15,0.12,0.33,148.16,5.21,92.04
100.72050524698028,-9.6,177.0,-105.05,-0.21,-0.01,0.14,151.83,7.17,92.04
102.58031696341224,-9.6,177.0,-105.05,-0.21,-0.01,0.14,151.83,7.17,92.04
101.17239549412645,-9.6,177.0,-105.05,-0.21,-0.01,0.14,151.83,7.17,92.04
100.81249849777672,-9.6,177.0,-105.05,-0.21,-0.01,0.14,151.83,7.17,92.04
98.85232147065756,-13.13,173.01,-95.9,-0.28,-0.12,0.01,153.62,8.15,92.15
91.91182013411053,-13.13,173.01,-95.9,-0.28,-0.12,0.01,153.62,8.15,92.15
101.38025717876825,-37.37,168.7,-57.06,-0.36,-0.15,0.03,158.84,10.45,92.17
90.25249069352097,-37.37,168.7,-57.06,-0.36,-0.15,0.03,158.84,10.45,92.17
99.87151463199753,-43.99,169.74,-48.33,-0.33,-0.1,0.08,160.59,11.02,92.02
101.02861547355236,-43.99,169.74,-48.33,-0.33,-0.1,0.08,160.59,11.02,92.02
102.63302909437932,-40.1,177.88,-59.54,-0.23,0.07,0.25,164.19,12.18,91.71
101.26032688732768,-35.71,176.81,-64.29,-0.17,0.03,0.21,166.01,12.81,91.65
101.64806242881032,-35.71,176.81,-64.29,-0.17,0.03,0.21,166.01,12.81,91.65
101.04808711573672,-37.07,173.49,-61.36,-0.2,-0.09,0.09,167.83,13.45,91.66
98.51102708034854,-94.84,186.68,-24.46,-0.31,-0.0,0.32,177.02,16.03,90.5
102.53267166988535,-94.84,186.68,-24.46,-0.31,-0.0,0.32,177.02,16.03,90.5
99.32283501858912,-94.84,186.68,-24.46,-0.31,-0.0,0.32,177.02,16.03,90.5
102.66317464202668,-94.21,190.3,-22.8,-0.24,0.18,0.5,178.96,16.31,89.91
100.24866751117378,-83.4,181.35,-8.91,-0.12,0.26,0.55,-177.28,16.62,88.86
98.57122041785152,-83.4,181.35,-8.91,-0.12,0.26,0.55,-177.28,16.62,88.86
101.08705292586522,-80.64,173.78,0.11,-0.11,0.2,0.5,-175.52,16.65,88.37
91.65072983130845,-78.32,169.91,5.99,-0.12,0.04,0.4,-172.06,16.7,87.46
102.5577426217082,-79.55,186.27,-11.18,-0.11,0.25,0.56,-168.38,17.01,86.57
99.85487096467003,-79.55,186.27,-11.18,-0.11,0.25,0.56,-168.38,17.01,86.57
100.11227802176819,-74.48,194.47,-20.62,0.04,0.35,0.64,-166.39,17.25,86.24
101.23588617218991,-55.53,162.21,15.11,0.45,0.57,0.82,-160.96,16.95,85.39
100.58765408412873,-55.53,162.21,15.11,0.45,0.57,0.82,-160.96,16.95,85.39
97.1285922701063,-45.07,144.63,20.66,0.58,0.51,0.8,-159.46,16.59,85.19
103.81683621692532,-45.07,144.63,20.66,0.58,0.51,0.8,-159.46,16.59,85.19
101.32882371415457,-28.38,106.02,12.5,0.64,0.29,0.58,-155.81,15.48,84.77
101.04808711573672,-28.38,106.02,12.5,0.64,0.29,0.58,-155.81,15.48,84.77
100.67698807037758,-22.95,94.0,-0.95,0.67,0.26,0.55,-154.83,15.25,84.67
101.79855346827824,-22.95,94.0,-0.95,0.67,0.26,0.55,-154.83,15.25,84.67
102.13817119201266,-19.86,58.25,0.03,0.5,0.31,0.46,-152.57,14.81,84.39
98.20656067807722,-19.86,58.25,0.03,0.5,0.31,0.46,-152.57,14.81,84.39
91.46086918598313,-19.23,41.23,12.15,0.52,0.4,0.55,-152.11,14.47,84.21
101.84304584304584,-7.15,4.88,30.78,0.59,0.4,0.66,-151.75,13.46,83.81
101.97179811339103,-7.15,4.88,30.78,0.59,0.4,0.66,-151.75,13.46,83.81
98.51102708034854,-7.15,4.88,30.78,0.59,0.4,0.66,-151.75,13.46,83.81
100.50088656730723,-0.69,-8.29,31.55,0.63,0.38,0.68,-151.79,12.87,83.64
101.00428647112652,-0.14,-20.62,16.77,0.74,0.38,1.07,-152.22,11.39,83.08
101.83068294933113,-0.14,-20.62,16.77,0.74,0.38,1.07,-152.22,11.39,83.08
100.28462127008416,-20.85,-36.53,25.88,0.85,0.6,1.42,-152.57,10.85,82.55
100.63350848148949,-20.85,-36.53,25.88,0.85,0.6,1.42,-152.57,10.85,82.55
100.96295404761332,-25.28,-81.25,118.73,3.11,2.15,3.47,-154.15,7.16,80.38
100.9362275593204,-25.28,-81.25,118.73,3.11,2.15,3.47,-154.15,7.16,80.38
100.83188691492175,15.18,-156.97,170.23,3.97,2.18,4.04,-155.45,4.88,80.12
102.99341911403594,15.18,-156.97,170.23,3.97,2.18,4.04,-155.45,4.88,80.12
98.24796795577522,15.18,-156.97,170.23,3.97,2.18,4.04,-155.45,4.88,80.12
91.79515013569115,-23.57,-785.56,289.7,3.78,-0.06,3.95,-169.96,-7.1,80.0
100.79553974814957,-23.57,-785.56,289.7,3.78,-0.06,3.95,-169.96,-7.1,80.0
99.92862078002526,-23.57,-785.56,289.7,3.78,-0.06,3.95,-169.96,-7.1,80.0
102.78393412894846,-23.57,-785.56,289.7,3.78,-0.06,3.95,-169.96,-7.1,80.0
100.73985829230215,-15.71,-895.98,163.3,3.29,-0.75,3.92,-178.62,-10.27,80.8
98.71737902466579,106.65,-797.56,-280.59,-4.2,-1.23,3.81,155.68,-6.45,86.08
101.75163144998908,106.65,-797.56,-280.59,-4.2,-1.23,3.81,155.68,-6.45,86.08
100.40946088288806,168.49,-726.46,-227.06,-4.16,-0.98,3.77,148.39,-3.94,88.12
100.51774630335275,168.49,-726.46,-227.06,-4.16,-0.98,3.77,148.39,-3.94,88.12
103.71671612265084,113.46,-538.8,5.77,-3.99,-1.58,-1.28,136.32,-1.49,91.3
97.73742834506221,113.46,-538.8,5.77,-3.99,-1.58,-1.28,136.32,-1.49,91.3
102.01892345486829,30.15,-370.46,114.69,-3.96,-1.4,-2.67,132.54,-1.99,92.01
101.65791706052013,-24.96,-150.38,142.73,-3.98,-1.01,-2.3,130.92,-2.85,92.07
101.7763218558152,-80.13,91.38,168.18,0.72,-1.11,0.02,133.4,-13.97,87.54
89.82725462060694,-80.13,91.38,168.18,0.72,-1.11,0.02,133.4,-13.97,87.54
102.17300431170982,-62.02,77.0,108.06,0.99,-0.74,0.29,134.24,-15.58,86.54
100.10988853617204,-23.77,37.55,36.17,0.73,-0.22,0.31,135.34,-17.36,85.26
101.19192260368163,-23.77,37.55,36.17,0.73,-0.22,0.31,135.34,-17.36,85.26
101.39741327208993,-6.47,17.58,20.41,0.54,-0.2,0.25,135.56,-17.88,84.98
98.12385074277694,-6.47,17.58,20.41,0.54,-0.2,0.25,135.56,-17.88,84.98
102.84694227845618,15.63,-4.92,-20.93,-0.21,-0.13,0.03,135.53,-17.92,85.15
100.64558237750155,15.63,-4.92,-20.93,-0.21,-0.13,0.03,135.53,-17.92,85.15
103.07187968446662,15.21,-4.64,-21.96,-0.39,-0.07,-0.04,135.46,-17.54,85.35
100.3422009569378,5.84,-1.06,-4.65,-0.24,0.11,0.05,135.4,-16.76,85.63
98.51334084930477,5.84,-1.06,-4.65,-0.24,0.11,0.05,135.4,-16.76,85.63
101.60866300055719,4.36,1.33,1.34,-0.1,0.13,0.05,135.41,-16.76,85.65
100.88524353577871,4.36,1.33,1.34,-0.1,0.13,0.05,135.41,-16.76,85.65
101.08461668233195,15.36,4.48,-9.89,0.06,0.16,0.1,135.59,-16.79,85.81
92.39776181874257,15.36,4.48,-9.89,0.06,0.16,0.1,135.59,-16.79,85.81
98.6987951807229,18.69,1.94,-17.56,0.0,0.18,0.09,135.61,-16.65,85.95
102.92770552147239,22.3,0.94,-26.43,-0.17,0.18,0.0,135.59,-16.09,86.38
98.71040926313808,22.3,0.94,-26.43,-0.17,0.18,0.0,135.59,-16.09,86.38
99.75987061174008,21.26,1.15,-24.59,-0.21,0.18,-0.01,135.58,-15.77,86.61
103.91457522978966,21.26,1.15,-24.59,-0.21,0.18,-0.01,135.58,-15.77,86.61
99.17487940981746,21.26,1.15,-24.59,-0.21,0.18,-0.01,135.58,-15.77,86.61
99.91671828100434,19.38,0.04,-11.37,-0.18,0.18,0.03,135.53,-15.1,87.2
101.74175864160097,19.38,0.04,-11.37,-0.18,0.18,0.03,135.53,-15.1,87.2
100.29421329507413,19.38,0.04,-11.37,-0.18,0.18,0.03,135.53,-15.1,87.2
102.67574051407588,19.35,-0.33,-6.03,-0.15,0.13,0.03,135.52,-15.0,87.38
97.65095921028124,18.53,-3.65,-1.67,-0.16,0.11,0.04,135.45,-14.88,87.72
102.02140494259584,18.53,-3.65,-1.67,-0.16,0.11,0.04,135.45,-14.88,87.72
103.0794789874662,18.53,-3.65,-1.67,-0.16,0.11,0.04,135.45,-14.88,87.72
91.77908096280088,18.58,-4.26,-3.05,-0.15,0.06,0.04,135.4,-14.82,87.9
99.99771123402633,23.76,-0.19,-25.87,-0.18,-0.01,0.05,135.32,-14.23,88.49
98.15829627896092,23.76,-0.19,-25.87,-0.18,-0.01,0.05,135.32,-14.23,88.49
101.515211656219,25.55,3.16,-33.34,-0.23,0.03,0.03,135.35,-13.83,88.73
101.38515832729031,24.3,7.64,-25.35,-0.29,0.03,-0.01,135.47,-13.05,89.22
100.04064303773315,19.36,10.72,-15.54,-0.31,0.01,-0.01,135.66,-12.47,89.6
102.82425044740262,19.36,10.72,-15.54,-0.31,0.01,-0.01,135.66,-12.47,89.6
98.03669681882991,16.18,11.31,-13.04,-0.32,-0.02,-0.02,135.77,-12.2,89.75
101.92223950233281,8.48,13.43,-7.17,-0.34,-0.05,-0.04,136.07,-11.55,90.03
92.081317233809,8.48,13.43,-7.17,-0.34,-0.05,-0.04,136.07,-11.55,90.03
101.50047189216659,6.81,17.86,-10.7,-0.35,-0.06,-0.04,136.24,-11.29,90.08
100.12661733110528,6.81,17.86,-10.7,-0.35,-0.06,-0.04,136.24,-11.29,90.08
100.63350848148949,7.85,38.52,-23.34,-0.36,-0.07,-0.05,137.19,-10.23,90.21
100.51292865872655,7.85,38.52,-23.34,-0.36,-0.07,-0.05,137.19,-10.23,90.21
100.88039060057243,6.51,42.41,-21.31,-0.33,-0.09,-0.05,137.61,-9.9,90.24
97.66005401881345,6.08,51.51,-27.09,-0.34,-0.12,-0.03,138.58,-9.19,90.25
105.68990802570241,6.08,51.51,-27.09,-0.34,-0.12,-0.03,138.58,-9.19,90.25
98.31705773423033,6.08,51.51,-27.09,-0.34,-0.12,-0.03,138.58,-9.19,90.25
101.02131554228184,7.35,53.77,-34.67,-0.35,-0.13,-0.01,139.11,-8.71,90.25
102.43251031821623,-0.27,55.87,-45.9,-0.46,-0.22,-0.16,140.72,-6.87,90.34
90.78973115719295,-0.27,55.87,-45.9,-0.46,-0.22,-0.16,140.72,-6.87,90.34
100.1505253104107,-0.27,55.87,-45.9,-0.46,-0.22,-0.16,140.72,-6.87,90.34
101.41947964019731,-5.27,59.23,-44.18,-0.43,-0.25,-0.19,141.3,-6.23,90.36
100.0955540176121,-12.85,67.78,-32.61,-0.28,-0.11,-0.1,142.56,-5.28,90.15
102.13071004188176,-12.85,67.78,-32.61,-0.28,-0.11,-0.1,142.56,-5.28,90.15
98.22725995316159,-12.85,67.78,-32.61,-0.28,-0.11,-0.1,142.56,-5.28,90.15
102.84946421127486,-12.85,67.78,-32.61,-0.28,-0.11,-0.1,142.56,-5.28,90.15
100.54425160609838,-13.67,73.37,-29.38,-0.2,-0.08,-0.03,143.29,-4.94,89.97
99.71955017712371,-7.82,78.79,-27.7,-0.07,-0.04,0.1,145.58,-4.2,89.31
102.9352835791592,-7.82,78.79,-27.7,-0.07,-0.04,0.1,145.58,-4.2,89.31
97.83545986797603,-7.82,78.79,-27.7,-0.07,-0.04,0.1,145.58,-4.2,89.31
101.9866750960463,-4.28,77.97,-27.79,-0.04,-0.04,0.08,146.35,-3.96,89.15
101.51029792589365,-1.25,77.08,-17.83,0.01,0.01,-0.0,148.64,-3.47,88.91
99.71243818942564,-1.25,77.08,-17.83,0.01,0.01,-0.0,148.64,-3.47,88.91
93.57272889523469,-2.32,74.84,-13.41,0.06,0.01,0.01,149.38,-3.41,88.83
98.31475317612863,-2.32,74.84,-13.41,0.06,0.01,0.01,149.38,-3.41,88.83
103.33088615702988,11.03,78.44,-30.11,0.07,0.04,0.09,153.09,-3.04,88.58
98.94326625934751,11.03,78.44,-30.11,0.07,0.04,0.09,153.09,-3.04,88.58
100.03825697044864,13.52,79.98,-38.86,0.06,0.07,0.09,153.9,-2.7,88.64
102.23028175879887,12.55,71.27,-43.86,0.05,0.03,0.07,155.4,-1.92,88.79
99.0741466871383,12.55,71.27,-43.86,0.05,0.03,0.07,155.4,-1.92,88.79
101.14555802064243,12.55,71.27,-43.86,0.05,0.03,0.07,155.4,-1.92,88.79
100.42628995570453,10.71,62.66,-38.29,0.02,0.01,0.06,156.03,-1.56,88.85
101.13824118058402,0.21,48.14,-30.94,-0.12,-0.07,-0.05,157.56,-0.53,88.99
102.54771276985893,0.21,48.14,-30.94,-0.12,-0.07,-0.05,157.56,-0.53,88.99
97.5873429502094,-4.51,50.71,-31.12,-0.19,-0.04,-0.08,158.08,-0.11,89.0
101.60866300055719,-4.51,50.71,-31.12,-0.19,-0.04,-0.08,158.08,-0.11,89.0
100.98240038521729,-14.68,56.63,-28.14,-0.05,0.09,0.05,159.78,1.03,88.7
90.98668055013232,-14.68,56.63,-28.14,-0.05,0.09,0.05,159.78,1.03,88.7
103.02883812331123,-17.56,50.55,-20.61,0.02,0.1,0.1,160.29,1.23,88.49
98.1054896732393,-18.52,31.85,7.25,0.02,0.11,0.11,161.02,1.23,88.04
101.21634209319723,-18.52,31.85,7.25,0.02,0.11,0.11,161.02,1.23,88.04
101.6062015503876,-19.17,27.69,10.91,-0.01,0.06,0.07,161.31,1.14,87.82
100.91194302762005,-32.31,22.88,22.22,-0.07,0.09,0.01,162.03,0.79,87.0
100.41907680520973,-32.31,22.88,22.22,-0.07,0.09,0.01,162.03,0.79,87.0
101.24077337130996,-32.46,25.27,19.76,-0.05,0.11,0.07,162.3,0.65,86.65
103.50683579290262,-30.48,19.98,25.87,-0.01,0.09,0.09,162.77,0.26,85.98
98.36547842401501,-29.82,16.8,27.17,-0.04,0.08,0.08,162.95,0.03,85.65
101.4636412017998,-29.82,16.8,27.17,-0.04,0.08,0.08,162.95,0.03,85.65
101.15775510696284,-29.82,16.8,27.17,-0.04,0.08,0.08,162.95,0.03,85.65
97.69872586243041,-29.82,16.8,27.17,-0.04,0.08,0.08,162.95,0.03,85.65
101.49310361515752,-30.48,14.74,29.99,-0.06,0.07,0.04,163.12,-0.19,85.34
92.07929573445149,-32.14,15.94,35.28,-0.04,0.13,0.07,163.48,-0.76,84.64
101.45873246250605,-32.14,15.94,35.28,-0.04,0.13,0.07,163.48,-0.76,84.64
100.59730416846548,-32.14,15.94,35.28,-0.04,0.13,0.07,163.48,-0.76,84.64
101.22122740545889,-30.17,17.26,35.38,0.01,0.12,0.11,163.69,-1.09,84.29
84.27881929792835,-23.13,18.82,30.44,0.01,0.1,0.12,164.12,-1.68,83.68
101.52504054413865,-23.13,18.82,30.44,0.01,0.1,0.12,164.12,-1.68,83.68
89.28800425758382,-17.49,21.67,24.2,-0.0,0.07,0.1,164.36,-1.88,83.46
101.22122740545889,-17.49,21.67,24.2,-0.0,0.07,0.1,164.36,-1.88,83.46
101.28233362310442,-22.37,19.78,21.83,0.04,0.03,0.04,165.71,-2.43,82.55
102.25271215778054,-22.37,19.78,21.83,0.04,0.03,0.04,165.71,-2.43,82.55
100.23908419568387,-24.69,13.95,26.89,0.05,0.03,0.04,165.88,-2.69,82.28
98.90127095663657,-21.46,12.3,23.07,0.04,0.02,0.02,166.32,-3.44,81.5
99.68163129500677,-21.46,12.3,23.07,0.04,0.02,0.02,166.32,-3.44,81.5
101.57421354709031,-21.46,12.3,23.07,0.04,0.02,0.02,166.32,-3.44,81.5
97.30886481219405,-21.46,12.3,23.07,0.04,0.02,0.02,166.32,-3.44,81.5
104.16231653711476,-20.11,14.66,18.24,0.03,-0.0,0.01,166.5,-3.6,81.29
102.26767122619657,-17.22,18.36,9.27,0.03,0.02,0.02,166.89,-3.76,80.92
100.33259975121997,-17.22,18.36,9.27,0.03,0.02,0.02,166.89,-3.76,80.92
101.28233362310442,-17.22,18.36,9.27,0.03,0.02,0.02,166.89,-3.76,80.92
98.99464230923553,-15.02,18.27,8.39,0.05,0.03,0.04,167.09,-3.83,80.75
101.9098573754161,-7.49,14.45,1.88,0.04,0.03,0.03,167.58,-3.94,80.4
92.85802209479954,-7.49,14.45,1.88,0.04,0.03,0.03,167.58,-3.94,80.4
97.39020595815822,-5.71,14.76,-0.72,0.02,0.01,0.02,167.73,-3.91,80.34
105.52239106370132,-4.66,14.03,-0.04,0.0,-0.0,0.01,167.88,-3.87,80.3
97.52607715023136,-2.91,12.51,-0.69,-0.03,-0.02,-0.01,168.29,-3.71,80.23
101.9371020269285,-2.91,12.51,-0.69,-0.03,-0.02,-0.01,168.29,-3.71,80.23
103.54005282776667,-2.85,12.11,-0.41,-0.04,-0.0,-0.01,168.42,-3.65,80.22
98.05503214494448,0.55,13.57,-3.36,-0.06,0.02,0.01,168.83,-3.36,80.24
103.45832613897042,0.55,13.57,-3.36,-0.06,0.02,0.01,168.83,-3.36,80.24
98.02065903248422,0.55,13.57,-3.36,-0.06,0.02,0.01,168.83,-3.36,80.24
100.47681103871216,0.55,13.57,-3.36,-0.06,0.02,0.01,168.83,-3.36,80.24
101.79608280950416,0.55,13.57,-3.36,-0.06,0.02,0.01,168.83,-3.36,80.24
104.62741967671124,1.31,12.95,-2.74,-0.05,0.02,0.01,168.96,-3.28,80.25
100.74227794590959,1.41,10.04,1.21,-0.05,-0.01,-0.02,169.3,-3.12,80.34
89.14567481402763,1.41,10.04,1.21,-0.05,-0.01,-0.02,169.3,-3.12,80.34
102.66317464202668,1.16,10.96,-0.67,-0.04,-0.0,-0.01,169.41,-3.06,80.37
100.73501933376563,2.82,12.68,-3.04,-0.05,0.01,-0.01,169.66,-2.89,80.46
99.95243428734838,2.82,12.68,-3.04,-0.05,0.01,-0.01,169.66,-2.89,80.46
103.17075810498352,2.82,12.68,-3.04,-0.05,0.01,-0.01,169.66,-2.89,80.46
98.1353299017314,1.93,8.46,0.23,-0.03,0.01,-0.01,169.97,-2.72,80.58
102.09590574947666,3.72,6.96,-2.6,-0.03,0.01,-0.01,170.2,-2.58,80.72
101.00185421532979,4.19,7.02,-2.61,-0.03,0.01,-0.0,170.27,-2.51,80.79
100.31580206165842,4.19,7.02,-2.61,-0.03,0.01,-0.0,170.27,-2.51,80.79
102.23028175879887,4.88,6.58,-4.16,-0.02,0.01,-0.01,170.48,-2.3,80.99
98.13762605582723,4.88,6.58,-4.16,-0.02,0.01,-0.01,170.48,-2.3,80.99
101.75163144998908,4.88,6.58,-4.16,-0.02,0.01,-0.01,170.48,-2.3,80.99
100.3110037548131,4.81,7.04,-5.42,-0.02,-0.0,-0.01,170.55,-2.21,81.06
101.6973547026162,4.81,7.04,-5.42,-0.02,-0.0,-0.01,170.55,-2.21,81.06
91.92592105551537,4.65,4.77,-4.62,-0.01,0.0,-0.0,170.65,-2.07,81.17
97.56691246597967,4.65,4.77,-4.62,-0.01,0.0,-0.0,170.65,-2.07,81.17
103.25965681085206,5.13,2.49,-3.14,-0.02,-0.01,-0.01,170.67,-2.02,81.24
100.22950271226134,5.5,0.45,-1.89,-0.03,-0.01,-0.01,170.7,-1.93,81.38
100.65524358051356,5.5,0.45,-1.89,-0.03,-0.01,-0.01,170.7,-1.93,81.38
102.27764637030896,5.5,0.45,-1.89,-0.03,-0.01,-0.01,170.7,-1.93,81.38
97.62822959824962,5.56,0.11,-1.89,-0.04,-0.01,-0.02,170.7,-1.88,81.46
101.96684008362911,5.68,0.79,-1.49,-0.05,-0.01,-0.03,170.72,-1.77,81.62
101.16019487723699,5.68,0.79,-1.49,-0.05,-0.01,-0.03,170.72,-1.77,81.62
103.75520098948671,4.81,0.72,-1.19,-0.05,-0.01,-0.03,170.73,-1.72,81.7
99.99055951557918,4.81,0.72,-1.19,-0.05,-0.01,-0.03,170.73,-1.72,81.7
97.77160306767057,1.09,-0.99,-3.23,-0.05,0.01,-0.02,170.73,-1.48,81.9
100.30140851806682,1.09,-0.99,-3.23,-0.05,0.01,-0.02,170.73,-1.48,81.9
102.1555847825028,1.5,-0.77,-2.66,-0.07,0.01,-0.02,170.72,-1.42,81.94
91.16268556152058,2.0,1.06,-3.75,-0.09,0.03,-0.02,170.74,-1.23,82.02
103.18344854731974,2.12,1.79,-3.8,-0.09,0.01,-0.02,170.75,-1.14,82.06
97.65550640279395,2.12,1.79,-3.8,-0.09,0.01,-0.02,170.75,-1.14,82.06
100.78342984837927,1.42,2.52,-2.65,-0.09,0.02,-0.03,170.77,-1.06,82.09
101.34106504300763,0.95,4.84,-1.78,-0.06,0.01,-0.01,170.91,-0.84,82.17
100.63109404990404,0.95,4.84,-1.78,-0.06,0.01,-0.01,170.91,-0.84,82.17
102.08348139314138,0.91,3.36,-0.8,-0.05,0.01,-0.01,170.94,-0.8,82.19
100.60936937801338,0.91,3.36,-0.8,-0.05,0.01,-0.01,170.94,-0.8,82.19
100.69632439440136,0.98,2.55,1.66,-0.05,-0.0,-0.02,171.01,-0.76,82.25
97.59642591213701,0.98,2.55,1.66,-0.05,-0.0,-0.02,171.01,-0.76,82.25
104.30737857800105,0.97,3.69,0.34,-0.04,-0.01,-0.02,171.05,-0.73,82.28
99.06712645850064,0.97,3.69,0.34,-0.04,-0.01,-0.02,171.05,-0.73,82.28
103.11495722293245,0.97,3.69,0.34,-0.04,-0.01,-0.02,171.05,-0.73,82.28
89.63720294067362,0.56,4.88,-0.11,-0.02,-0.03,-0.02,171.15,-0.69,82.32
103.08961313473922,0.56,4.88,-0.11,-0.02,-0.03,-0.02,171.15,-0.69,82.32
97.87198693267997,0.66,6.08,-1.08,-0.02,-0.03,-0.02,171.21,-0.65,82.34
101.33861654062673,0.21,3.52,-0.11,0.0,-0.03,0.0,171.3,-0.62,82.36
104.53875679178506,0.76,0.4,0.63,0.01,-0.01,0.02,171.31,-0.62,82.36
96.91314494327503,0.76,0.4,0.63,0.01,-0.01,0.02,171.31,-0.62,82.36
103.71158696404727,1.24,-1.98,1.48,0.0,-0.02,0.01,171.3,-0.64,82.37
98.04815559399691,0.24,-2.43,-1.38,-0.05,0.01,-0.01,171.22,-0.56,82.43
100.99942207667117,0.24,-2.43,-1.38,-0.05,0.01,-0.01,171.22,-0.56,82.43
100.63592302893613,0.45,-0.89,-2.93,-0.05,0.01,-0.01,171.21,-0.49,82.44
103.4761928257759,0.45,-0.89,-2.93,-0.05,0.01,-0.01,171.21,-0.49,82.44
101.87272903915282,-0.42,0.91,-1.54,-0.07,0.03,-0.01,171.23,-0.21,82.5
97.940548744892,-0.42,0.91,-1.54,-0.07,0.03,-0.01,171.23,-0.21,82.5
101.27744241077896,-0.01,0.8,-0.63,-0.06,0.03,0.0,171.25,-0.15,82.51
100.40705719005099,-0.41,0.39,0.52,-0.04,0.01,-0.0,171.27,-0.06,82.53
91.11713590545708,-0.41,0.39,0.52,-0.04,0.01,-0.0,171.27,-0.06,82.53
104.26589106818804,-0.41,0.39,0.52,-0.04,0.01,-0.0,171.27,-0.06,82.53
97.9908884891246,-0.23,-0.17,0.12,-0.03,0.02,-0.0,171.27,-0.04,82.54
101.81090856130301,-0.23,0.22,0.75,-0.04,0.0,-0.03,171.28,-0.01,82.57
103.09468095565825,-0.23,0.22,0.75,-0.04,0.0,-0.03,171.28,-0.01,82.57
97.6850734797494,-0.53,1.19,0.01,-0.04,0.0,-0.02,171.29,0.02,82.59
103.27236913379623,-1.05,2.03,0.13,-0.04,0.0,-0.02,171.33,0.06,82.6
99.82635186595583,-0.76,1.58,0.13,-0.02,0.01,0.0,171.35,0.08,82.59
99.28521718546574,-0.76,1.58,0.13,-0.02,0.01,0.0,171.35,0.08,82.59
100.28941705322558,-0.0,0.45,0.17,-0.0,0.01,0.02,171.36,0.08,82.59
101.49801568096022,1.24,-2.1,1.36,-0.01,0.0,0.0,171.33,0.06,82.6
103.54260886738422,1.24,-2.1,1.36,-0.01,0.0,0.0,171.33,0.06,82.6
97.93597496906158,1.17,-2.03,0.33,-0.01,-0.01,-0.01,171.31,0.06,82.62
101.60127900780002,1.17,-2.03,0.33,-0.01,-0.01,-0.01,171.31,0.06,82.62
91.61469573194705,0.45,-0.1,-1.78,-0.04,-0.0,-0.02,171.29,0.17,82.67
102.53016524885108,0.45,-0.1,-1.78,-0.04,-0.0,-0.02,171.29,0.17,82.67
99.79784905301227,-0.06,-0.34,-0.29,-0.04,-0.01,-0.02,171.29,0.19,82.68
98.26408021741167,2.85,-1.11,0.2,-0.02,-0.02,0.01,171.26,0.22,82.72
103.1682203910958,2.85,-1.11,0.2,-0.02,-0.02,0.01,171.26,0.22,82.72
100.53220200858081,5.24,-1.05,1.84,-0.02,0.0,0.03,171.25,0.21,82.76
103.07694576196211,5.24,-1.05,1.84,-0.02,0.0,0.03,171.25,0.21,82.76
99.80972324679342,9.47,-0.67,1.52,-0.0,0.01,0.05,171.23,0.17,82.88
98.1766771218576,9.47,-0.67,1.52,-0.0,0.01,0.05,171.23,0.17,82.88
101.2456610423154,12.84,0.15,1.6,-0.01,0.06,0.09,171.23,0.15,82.96
101.60374021947143,33.04,34.55,1.09,-0.11,0.22,0.16,171.78,0.27,83.54
99.96672784040804,33.04,34.55,1.09,-0.11,0.22,0.16,171.78,0.27,83.54
100.61419627221916,33.04,34.55,1.09,-0.11,0.22,0.16,171.78,0.27,83.54
102.70842618213875,44.62,57.12,6.08,-0.11,0.28,0.2,172.36,0.29,83.92
91.19439914769639,42.62,84.42,-22.88,0.52,0.24,0.47,173.96,0.36,84.58
100.66732269290772,42.62,84.42,-22.88,0.52,0.24,0.47,173.96,0.36,84.58
99.89054276119936,25.38,56.99,-8.26,1.12,0.91,1.06,174.53,0.22,84.63
102.56526629823446,25.38,56.99,-8.26,1.12,0.91,1.06,174.53,0.22,84.63
100.37101560256534,119.38,46.35,139.01,3.81,1.95,2.47,175.95,-3.65,86.04
101.52258314372853,119.38,46.35,139.01,3.81,1.95,2.47,175.95,-3.65,86.04
100.49607053862373,170.82,16.19,240.32,3.82,1.31,2.49,176.2,-6.49,87.41
97.9611360239163,80.51,-255.8,425.11,3.67,-2.97,2.91,172.73,-15.59,89.91
102.22779009968559,80.51,-255.8,425.11,3.67,-2.97,2.91,172.73,-15.59,89.91
100.63350848148949,80.51,-255.8,425.11,3.67,-2.97,2.91,172.73,-15.59,89.91
98.02524072169767,-113.64,-492.5,289.41,3.6,-4.87,3.53,167.57,-18.69,89.99
105.72987143937485,-50.59,-825.3,-434.13,-1.58,-1.49,3.97,144.42,-11.75,91.97
98.08254799710029,-50.59,-825.3,-434.13,-1.58,-1.49,3.97,144.42,-11.75,91.97
101.70475266731329,98.5,-763.69,-532.36,-4.21,-0.44,3.98,137.21,-5.49,93.8
91.03012414272072,74.57,-401.89,-4.81,-3.89,0.62,-1.13,121.45,4.38,96.72
100.87068613068469,74.57,-401.89,-4.81,-3.89,0.62,-1.13,121.45,4.38,96.72
103.29271536226173,74.57,-401.89,-4.81,-3.89,0.62,-1.13,121.45,4.38,96.72
97.7966797239321,24.55,-193.48,152.44,-3.89,0.71,-1.53,119.31,3.57,96.99
102.00403706315815,-47.66,141.02,279.72,-3.03,-1.33,-1.18,119.76,-2.38,96.89
100.72050524698028,-60.7,158.27,269.37,-0.26,-1.89,-0.26,120.9,-5.25,96.42
102.73609954440798,-60.7,158.27,269.37,-0.26,-1.89,-0.26,120.9,-5.25,96.42
99.50663092216081,-51.77,82.35,108.67,1.37,-1.72,0.45,122.6,-9.58,94.98
98.39086068169556,-51.77,82.35,108.67,1.37,-1.72,0.45,122.6,-9.58,94.98
101.4464626919821,-42.88,36.07,52.07,1.01,-1.24,0.39,122.91,-10.76,94.38
100.43831417624521,-11.93,-7.29,-20.45,-0.34,-0.44,-0.1,122.88,-11.41,93.97
98.02524072169767,-11.93,-7.29,-20.45,-0.34,-0.44,-0.1,122.88,-11.41,93.97
105.58348646947766,-11.93,-7.29,-20.45,-0.34,-0.44,-0.1,122.88,-11.41,93.97
89.14756955514464,-7.27,-7.56,-27.38,-0.68,-0.26,-0.16,122.78,-10.81,94.06
104.06411115246247,-11.26,6.17,-13.08,-0.84,-0.13,-0.22,122.77,-9.73,94.17
98.8499917513139,-11.26,6.17,-13.08,-0.84,-0.13,-0.22,122.77,-9.73,94.17
101.98915501519757,-18.71,15.05,-0.42,-0.6,-0.2,-0.16,122.89,-9.47,94.09
103.31561445427002,-27.42,14.99,8.9,-0.25,-0.3,-0.04,123.0,-9.49,93.87
99.1725344619677,-31.8,9.46,9.21,-0.0,-0.27,0.08,123.07,-9.7,93.52
101.30190319775868,-31.8,9.46,9.21,-0.0,-0.27,0.08,123.07,-9.7,93.52
101.37290634441088,-32.41,5.07,1.52,0.09,-0.26,0.07,123.11,-9.89,93.17
98.26638240048732,-24.47,6.37,-27.99,-0.12,0.01,-0.01,123.26,-9.51,92.39
104.12352911970608,-24.47,6.37,-27.99,-0.12,0.01,-0.01,123.26,-9.51,92.39
90.9275060700659,-24.47,6.37,-27.99,-0.12,0.01,-0.01,123.26,-9.51,92.39
100.18880183451175,-21.52,11.6,-34.95,-0.27,0.12,-0.04,123.38,-9.1,92.21
100.5346116970278,-14.07,29.52,-26.6,-0.49,0.34,-0.03,123.88,-8.23,91.91
100.90465994659225,-14.07,29.52,-26.6,-0.49,0.34,-0.03,123.88,-8.23,91.91
101.36065732237796,-11.34,33.56,-13.99,-0.44,0.35,0.01,124.21,-7.98,91.78
101.29701009515529,-4.42,33.99,-1.72,-0.27,0.3,0.03,124.88,-7.79,91.56
100.52979243564546,0.3,33.33,1.39,-0.21,0.26,0.04,125.2,-7.79,91.53
102.44752204391686,0.3,33.33,1.39,-0.21,0.26,0.04,125.2,-7.79,91.53
98.04357176250585,6.98,32.14,0.52,-0.17,0.25,0.06,125.51,-7.79,91.55
100.80522976350701,22.1,31.1,-6.16,-0.23,0.04,-0.02,126.36,-7.73,92.0
100.81007546988415,22.1,31.1,-6.16,-0.23,0.04,-0.02,126.36,-7.73,92.0
101.48573640784922,23.39,33.46,-10.42,-0.3,-0.04,-0.04,126.68,-7.56,92.24
93.54351219947367,23.39,33.46,-10.42,-0.3,-0.04,-0.04,126.68,-7.56,92.24
98.71737902466579,17.21,37.62,-12.47,-0.46,-0.1,-0.09,127.39,-7.04,92.68
99.94528904351141,17.21,37.62,-12.47,-0.46,-0.1,-0.09,127.39,-7.04,92.68
100.36381038979684,12.45,40.85,-8.86,-0.53,-0.1,-0.12,127.78,-6.76,92.86
102.59035319440368,-0.34,54.21,8.22,-0.53,0.0,-0.03,129.21,-6.33,92.96
102.95297005400099,-0.34,54.21,8.22,-0.53,0.0,-0.03,129.21,-6.33,92.96
100.23668865309244,0.23,58.06,9.25,-0.53,-0.0,0.03,129.77,-6.27,92.91
99.60114934340196,0.23,58.06,9.25,-0.53,-0.0,0.03,129.77,-6.27,92.91
100.73260002881983,10.29,80.84,-25.11,-0.69,-0.21,0.09,131.91,-5.34,92.85
99.99771123402633,10.29,80.84,-25.11,-0.69,-0.21,0.09,131.91,-5.34,92.85
102.4850706152568,10.29,80.84,-25.11,-0.69,-0.21,0.09,131.91,-5.34,92.85
101.46118677278115,9.11,88.3,-42.35,-0.78,-0.27,0.04,132.81,-4.65,92.88
97.68279845358424,-16.46,91.29,-24.78,-0.91,-0.23,-0.11,134.63,-3.43,92.72
100.93865665535581,-16.46,91.29,-24.78,-0.91,-0.23,-0.11,134.63,-3.43,92.72
91.9702664181559,-16.46,91.29,-24.78,-0.91,-0.23,-0.11,134.63,-3.43,92.72
100.69390694771211,-29.38,97.21,-5.48,-0.9,-0.13,-0.09,135.57,-3.12,92.44
100.62385145023151,-31.85,121.77,-1.15,-0.46,-0.08,0.23,138.93,-2.84,91.09
99.3487138187503,-31.85,121.77,-1.15,-0.46,-0.08,0.23,138.93,-2.84,91.09
101.75163144998908,-28.89,127.09,-15.4,-0.36,-0.12,0.25,140.18,-2.64,90.6
100.51774630335275,-28.86,138.05,-29.26,-0.32,-0.19,0.16,142.86,-1.99,89.69
102.30758348171817,-28.86,138.05,-29.26,-0.32,-0.19,0.16,142.86,-1.99,89.69
98.48095797135478,-33.72,147.26,-39.35,-0.34,-0.26,0.07,144.31,-1.5,89.26
100.70115963602315,-33.72,147.26,-39.35,-0.34,-0.26,0.07,144.31,-1.5,89.26
101.4268372306725,-78.82,199.72,-32.62,-0.11,0.05,0.22,151.44,0.42,86.53
102.02388655104473,-78.82,199.72,-32.62,-0.11,0.05,0.22,151.44,0.42,86.53
102.7713417622268,-85.49,190.08,-11.63,0.07,0.26,0.48,153.31,0.54,85.48
97.13534043538675,-50.26,132.38,54.77,0.4,0.11,0.51,157.86,-0.78,82.83
101.31413802265756,-50.26,132.38,54.77,0.4,0.11,0.51,157.86,-0.78,82.83
93.6374880003572,-48.6,125.14,53.99,0.3,-0.04,0.3,159.16,-1.35,82.13
101.33616815655955,-48.6,125.14,53.99,0.3,-0.04,0.3,159.16,-1.35,82.13
99.34165462684446,-58.14,126.1,52.19,0.04,-0.22,0.01,161.76,-2.22,80.82
95.82599954306603,-58.14,126.1,52.19,0.04,-0.22,0.01,161.76,-2.22,80.82
104.81043530411316,-72.54,137.5,41.44,0.0,-0.16,-0.03,163.18,-2.42,80.03
100.07883560009545,-92.59,161.06,19.02,0.14,-0.05,0.09,166.32,-2.43,78.04
99.16550028371478,-92.59,161.06,19.02,0.14,-0.05,0.09,166.32,-2.43,78.04
103.18344854731974,-113.2,170.6,27.26,0.19,-0.01,0.15,168.05,-2.44,76.75
91.68478807353488,-148.47,152.05,73.23,0.29,0.07,0.43,173.2,-3.31,71.73
100.98726314015362,-148.47,152.05,73.23,0.29,0.07,0.43,173.2,-3.31,71.73
103.1555336940482,-148.47,152.05,73.23,0.29,0.07,0.43,173.2,-3.31,71.73
97.14658946149392,-138.89,138.08,80.57,0.31,-0.01,0.44,174.76,-3.76,70.04
101.99907589795968,-138.89,138.08,80.57,0.31,-0.01,0.44,174.76,-3.76,70.04
101.85541173899318,-115.18,114.59,54.87,0.21,0.14,0.44,178.9,-4.32,65.48
100.98240038521729,-115.18,114.59,54.87,0.21,0.14,0.44,178.9,-4.32,65.48
101.50292822225448,-115.18,114.59,54.87,0.21,0.14,0.44,178.9,-4.32,65.48
97.74426137820139,-95.44,90.92,55.9,0.28,0.01,0.49,179.97,-4.56,64.25
101.80349514563108,-95.44,90.92,55.9,0.28,0.01,0.49,179.97,-4.56,64.25
100.22950271226134,-96.87,39.01,101.82,0.1,0.21,0.23,-178.57,-5.24,62.29
100.86098352771432,-96.87,39.01,101.82,0.1,0.21,0.23,-178.57,-5.24,62.29
101.44155561467579,-103.21,15.86,137.23,0.16,-0.15,0.21,-177.81,-6.46,61.01
100.69874195716892,-118.93,18.82,103.47,0.06,-0.1,0.03,-176.48,-8.33,58.38
91.40107651071062,-118.93,18.82,103.47,0.06,-0.1,0.03,-176.48,-8.33,58.38
101.82326665371917,-118.93,18.82,103.47,0.06,-0.1,0.03,-176.48,-8.33,58.38
101.8578852785468,-129.94,36.2,82.9,0.23,-0.23,-0.01,-175.74,-8.98,56.89
100.95566360179079,-177.79,3.56,23.65,0.63,-0.12,0.38,-174.56,-9.84,51.31
99.0437328799471,-466.92,-47.16,50.22,1.13,-0.14,-0.45,-174.71,-10.9,46.77
101.7689134760033,-981.29,-108.82,124.33,0.13,-0.29,-0.46,-174.76,-12.56,37.02
99.43821716453296,-315.89,-220.06,-114.38,-0.19,-0.08,0.28,-179.31,-18.33,15.78
101.29211746522411,-315.89,-220.06,-114.38,-0.19,-0.08,0.28,-179.31,-18.33,15.78
102.92265410286612,-315.89,-220.06,-114.38,-0.19,-0.08,0.28,-179.31,-18.33,15.78
98.49714674870253,-397.97,-270.77,-89.51,-0.28,-0.09,-0.04,178.88,-20.53,12.36
101.1845990543279,-397.97,-270.77,-89.51,-0.28,-0.09,-0.04,178.88,-20.53,12.36
100.8973779167669,-125.63,25.69,163.4,0.05,0.52,-0.03,-179.42,-20.79,6.54
101.95196888672824,-125.63,25.69,163.4,0.05,0.52,-0.03,-179.42,-20.79,6.54
92.47721309668174,-158.93,-11.11,107.34,0.27,-0.04,-0.07,-178.34,-21.23,4.46
96.90194991220774,-158.93,-11.11,107.34,0.27,-0.04,-0.07,-178.34,-21.23,4.46
101.41212311709664,-191.99,8.63,70.39,0.01,0.12,-0.14,-176.89,-21.26,0.37
102.44001563110591,-191.99,8.63,70.39,0.01,0.12,-0.14,-176.89,-21.26,0.37
100.45515292314325,-193.48,122.16,54.19,0.01,0.3,-0.87,-176.48,-20.47,-1.44
102.93023141672188,-193.48,122.16,54.19,0.01,0.3,-0.87,-176.48,-20.47,-1.44
97.52834488210948,-179.59,286.09,69.52,-0.13,0.15,-0.85,-175.92,-18.0,-3.27
102.64307564300222,-37.35,351.48,78.95,-0.2,-0.4,0.44,-175.2,-14.41,-4.05
101.1845990543279,-37.35,351.48,78.95,-0.2,-0.4,0.44,-175.2,-14.41,-4.05
99.9310016201277,98.31,268.21,57.47,-0.28,-0.11,0.3,-174.68,-11.62,-3.31
102.1506088650755,-86.25,-71.35,18.95,-0.03,0.16,0.24,-173.88,-9.17,-3.89
88.94151575554518,-86.25,-71.35,18.95,-0.03,0.16,0.24,-173.88,-9.17,-3.89
101.58651424142607,-86.25,-71.35,18.95,-0.03,0.16,0.24,-173.88,-9.17,-3.89
104.86546490986824,-64.19,-86.75,14.81,-0.02,0.22,0.29,-173.74,-10.06,-4.52
98.91293274219413,-41.47,-42.04,9.25,-0.02,0.34,0.0,-173.63,-11.94,-5.68
101.09192576524464,-41.47,-42.04,9.25,-0.02,0.34,0.0,-173.63,-11.94,-5.68
97.39699052572915,-32.61,-39.24,7.1,-0.06,0.27,0.05,-173.59,-12.37,-5.95
101.03348268054151,-32.61,-39.24,7.1,-0.06,0.27,0.05,-173.59,-12.37,-5.95
101.27010647801627,-33.06,-40.58,-58.66,-0.1,0.05,-0.03,-175.03,-14.23,-7.1
100.60212990501775,-33.06,-40.58,-58.66,-0.1,0.05,-0.03,-175.03,-14.23,-7.1
100.37341757005767,-28.53,-41.23,-67.83,-0.08,0.03,-0.11,-175.71,-14.75,-7.27
101.54470403098898,29.05,9.3,-73.25,-0.06,-0.02,-0.21,-177.96,-15.47,-6.89
103.07694576196211,29.05,9.3,-73.25,-0.06,-0.02,-0.21,-177.96,-15.47,-6.89
101.14068000964552,54.12,10.4,-73.88,-0.03,0.03,-0.16,-178.75,-15.53,-6.2
100.08122360352192,54.12,10.4,-73.88,-0.03,0.03,-0.16,-178.75,-15.53,-6.2
91.94204169315417,59.55,19.78,-70.06,-0.04,0.02,-0.15,179.73,-15.54,-4.71
99.49246862917191,59.55,19.78,-70.06,-0.04,0.02,-0.15,179.73,-15.54,-4.71
100.34940306720578,65.15,36.05,-72.32,-0.1,-0.08,-0.15,178.97,-15.26,-3.98
102.8368557838474,65.15,36.05,-72.32,-0.1,-0.08,-0.15,178.97,-15.26,-3.98
100.00486397558475,65.15,36.05,-72.32,-0.1,-0.08,-0.15,178.97,-15.26,-3.98
102.21533362577375,61.57,60.74,-133.23,-0.16,-0.38,0.19,175.72,-13.49,-1.79
100.78585159554018,61.57,60.74,-133.23,-0.16,-0.38,0.19,175.72,-13.49,-1.79
100.80522976350701,64.67,40.18,-184.84,-0.25,-0.37,0.05,173.86,-13.03,-0.93
100.29661158803415,101.96,19.71,-265.63,-0.22,-0.4,-0.03,168.98,-12.28,1.61
99.79784905301227,101.96,19.71,-265.63,-0.22,-0.4,-0.03,168.98,-12.28,1.61
101.24810505479651,101.96,19.71,-265.63,-0.22,-0.4,-0.03,168.98,-12.28,1.61
101.92471628879007,104.23,32.79,-330.53,-0.22,-0.34,-0.09,165.67,-11.7,3.17
100.57559408196053,141.1,85.54,-294.89,0.01,-0.03,-0.0,156.13,-9.05,9.05
103.10735268811918,141.1,85.54,-294.89,0.01,-0.03,-0.0,156.13,-9.05,9.05
88.41654369914414,141.1,85.54,-294.89,0.01,-0.03,-0.0,156.13,-9.05,9.05
101.29456372110995,108.2,92.44,-286.24,-0.06,0.01,0.04,153.46,-7.68,10.58
103.1580707838363,82.2,19.19,-279.97,-0.09,-0.17,0.2,143.82,-2.99,15.06
102.50009775171065,82.2,19.19,-279.97,-0.09,-0.17,0.2,143.82,-2.99,15.06
98.45784037558685,83.92,-5.79,-303.34,-0.12,-0.11,0.08,140.84,-2.27,16.07
101.6357468256276,105.67,29.69,-353.16,-0.22,0.14,0.14,131.12,0.97,19.3
101.29701009515529,105.67,29.69,-353.16,-0.22,0.14,0.14,131.12,0.97,19.3
100.56594816217901,105.67,29.69,-353.16,-0.22,0.14,0.14,131.12,0.97,19.3
101.20413087539812,105.67,29.69,-353.16,-0.22,0.14,0.14,131.12,0.97,19.3
101.74175864160097,128.66,40.09,-325.11,-0.2,0.08,0.16,128.16,2.42,20.68
98.43011358302826,187.12,89.79,-178.76,-0.03,0.29,-0.27,122.14,6.27,26.09
104.01249845009299,187.12,89.79,-178.76,-0.03,0.29,-0.27,122.14,6.27,26.09
98.43935411190387,187.12,89.79,-178.76,-0.03,0.29,-0.27,122.14,6.27,26.09
92.29610069536132,181.73,122.7,-130.14,-0.14,-0.1,-0.2,121.51,7.87,27.98
100.81007546988415,181.73,122.7,-130.14,-0.14,-0.1,-0.2,121.51,7.87,27.98
99.99771123402633,163.39,124.66,-99.66,-0.03,-0.22,-0.11,120.69,10.95,31.21
103.91457522978966,163.39,124.66,-99.66,-0.03,-0.22,-0.11,120.69,10.95,31.21
101.16995513531766,163.39,124.66,-99.66,-0.03,-0.22,-0.11,120.69,10.95,31.21
100.9095152171298,171.12,114.66,-105.55,-0.14,-0.11,-0.04,120.34,12.35,32.98
101.453824198152,97.29,3.02,-63.74,-0.38,0.11,0.43,119.0,13.94,36.45
97.56237352003907,97.29,3.02,-63.74,-0.38,0.11,0.43,119.0,13.94,36.45
101.7763218558152,97.29,3.02,-63.74,-0.38,0.11,0.43,119.0,13.94,36.45
100.97996918335902,95.35,-0.68,-52.71,-0.17,0.01,0.0,118.44,14.12,37.45
100.18401566903931,105.09,21.27,-122.13,-0.25,-0.2,-0.04,115.99,16.83,42.27
102.09839098366642,105.09,21.27,-122.13,-0.25,-0.2,-0.04,115.99,16.83,42.27
98.6662902846389,62.54,-26.17,-142.62,-0.14,-0.25,-0.34,114.6,17.61,42.76
101.8529383195726,-26.37,-129.78,-148.39,-0.11,-0.2,0.04,107.94,17.52,40.26
91.39510154275256,-47.07,-132.16,-156.35,0.0,-0.2,-0.03,105.58,17.44,39.22
99.92624005336637,-47.07,-132.16,-156.35,0.0,-0.2,-0.03,105.58,17.44,39.22
102.28762346055359,-108.34,-143.95,-190.81,0.16,-0.23,-0.23,102.87,17.38,37.53
97.9725771413889,-27.59,-175.6,-149.51,-1.02,0.05,1.02,92.85,17.64,28.96
102.45252693031095,-17.61,-27.01,-92.29,-0.09,-0.4,-0.31,91.59,17.97,28.46
100.54184145552173,-17.61,-27.01,-92.29,-0.09,-0.4,-0.31,91.59,17.97,28.46
99.97864225781846,-86.19,-83.53,-96.14,-0.19,-0.24,0.02,88.29,17.58,26.0
102.84946421127486,-86.19,-83.53,-96.14,-0.19,-0.24,0.02,88.29,17.58,26.0
98.36086487500586,-86.19,-83.53,-96.14,-0.19,-0.24,0.02,88.29,17.58,26.0
101.66038101701488,-106.66,-81.5,-81.08,-0.08,-0.27,-0.11,86.84,17.24,24.59
102.98330386957376,-134.81,-89.39,-87.37,-0.11,-0.18,-0.01,85.31,16.81,22.93
98.47170963046439,-115.35,-51.92,-111.0,-0.13,-0.13,-0.07,82.17,16.51,20.04
102.53016524885108,-115.35,-51.92,-111.0,-0.13,-0.13,-0.07,82.17,16.51,20.04
89.43078891257996,-142.76,-58.31,-99.85,-0.09,-0.14,-0.13,80.67,16.35,18.35
101.48573640784922,-336.88,-62.19,-55.93,0.07,-0.16,-0.34,76.89,15.23,10.45
101.03348268054151,-336.88,-62.19,-55.93,0.07,-0.16,-0.34,76.89,15.23,10.45
97.9771543367049,-336.88,-62.19,-55.93,0.07,-0.16,-0.34,76.89,15.23,10.45
105.84994321766561,-247.33,-142.04,-10.4,-0.16,0.08,-0.62,76.15,13.93,8.03
99.15377887047588,-136.01,-90.69,-27.86,0.12,-0.11,-0.17,74.55,12.08,4.88
101.31169082125604,-136.01,-90.69,-27.86,0.12,-0.11,-0.17,74.55,12.08,4.88
100.61660989300964,-105.36,-197.75,-12.94,0.16,-0.07,-0.18,73.89,10.02,3.76
101.15775510696284,-105.36,-197.75,-12.94,0.16,-0.07,-0.18,73.89,10.02,3.76
101.04565275000603,163.44,33.27,33.38,-0.16,-0.71,-0.54,73.04,2.58,6.79
99.26406967387703,163.44,33.27,33.38,-0.16,-0.71,-0.54,73.04,2.58,6.79
101.53241345921084,-12.69,70.17,-3.97,0.05,-0.12,-0.95,72.88,3.35,6.62
100.56353697132445,-23.13,53.05,-8.45,0.1,-0.18,-0.0,72.18,4.94,4.79
90.81921919320962,-23.13,53.05,-8.45,0.1,-0.18,-0.0,72.18,4.94,4.79
103.65519968366944,-23.13,53.05,-8.45,0.1,-0.18,-0.0,72.18,4.94,4.79
99.09521334404386,-27.77,62.21,0.69,0.08,-0.13,0.01,72.07,5.51,4.45
100.9726762801223,-0.12,0.11,-0.06,0.08,-0.12,0.0,71.54,5.57,4.25
100.84400846316599,-0.12,0.11,-0.06,0.08,-0.12,0.0,71.54,5.57,4.25
100.85855816861444,-0.12,0.11,-0.06,0.08,-0.12,0.0,71.54,5.57,4.25
102.60792132495047,-0.12,0.11,-0.06,0.08,-0.12,0.0,71.54,5.57,4.25
97.7738822322719,-0.06,0.11,-0.17,0.08,-0.12,0.01,71.36,5.52,4.18
101.45137024405582,0.0,0.05,0.52,0.08,-0.12,0.0,71.01,5.43,4.06
101.81090856130301,0.0,0.05,0.52,0.08,-0.12,0.0,71.01,5.43,4.06
99.58223129703934,-0.0,0.11,-0.17,0.08,-0.12,0.01,70.84,5.37,4.0
103.09468095565825,-0.0,0.11,-0.17,0.08,-0.12,0.01,70.84,5.37,4.0
98.70576330219095,0.0,-0.06,-0.0,0.08,-0.11,0.0,70.32,5.23,3.82
99.7788562184794,0.0,-0.06,-0.0,0.08,-0.11,0.0,70.32,5.23,3.82
93.17983693599626,-0.0,-0.0,0.0,0.07,-0.11,0.0,70.16,5.18,3.76
102.17549330085262,-0.0,0.06,0.0,0.07,-0.11,0.0,70.0,5.13,3.71
99.23353916767218,0.0,-0.0,0.11,0.07,-0.11,0.0,69.52,5.0,3.55
99.21006693947064,0.0,-0.0,0.11,0.07,-0.11,0.0,69.52,5.0,3.55
100.82703911151711,-0.0,0.06,0.0,0.07,-0.11,0.0,69.37,4.96,3.5
100.70599534202502,-0.0,0.11,0.0,0.07,-0.11,0.0,68.91,4.82,3.33
101.45627827096587,-0.0,0.11,0.0,0.07,-0.11,0.0,68.91,4.82,3.33
102.60290124513809,-0.0,0.11,0.0,0.07,-0.11,0.0,68.91,4.82,3.33
98.67557521291111,-0.0,0.11,0.0,0.07,-0.11,0.0,68.91,4.82,3.33
101.14555802064243,-0.06,-0.0,0.0,0.07,-0.1,0.0,68.75,4.78,3.28
101.43174288408987,-0.0,0.11,0.0,0.06,-0.1,0.0,68.33,4.65,3.13
100.83431099144148,-0.0,0.11,0.0,0.06,-0.1,0.0,68.33,4.65,3.13
99.42878816612934,-0.0,-0.0,0.0,0.06,-0.1,0.0,68.18,4.61,3.08
101.31658534228707,-0.0,-0.0,0.0,0.06,-0.1,0.0,68.18,4.61,3.08
92.26158685466663,0.0,-0.11,-0.0,0.06,-0.1,0.0,67.78,4.49,2.94
101.58159360620004,0.0,-0.11,-0.0,0.06,-0.1,0.0,67.78,4.49,2.94
99.75987061174008,0.0,-0.11,-0.0,0.06,-0.1,0.0,67.78,4.49,2.94
102.60290124513809,-0.0,-0.0,0.0,0.06,-0.1,0.0,67.65,4.45,2.89
98.77549866942985,0.0,-0.06,-0.0,0.06,-0.09,0.0,67.13,4.29,2.7
100.8488578985333,0.0,-0.06,-0.0,0.06,-0.09,0.0,67.13,4.29,2.7
100.53220200858081,-0.0,0.06,0.0,0.06,-0.09,0.0,67.0,4.25,2.66
102.19540958042981,-0.0,0.06,0.0,0.06,-0.09,0.0,67.0,4.25,2.66
100.40465361229472,-0.12,0.06,0.0,0.05,-0.09,0.0,66.76,4.18,2.57
99.52315869400152,-0.12,0.06,0.0,0.05,-0.09,0.0,66.76,4.18,2.57
101.58897473781093,-0.17,-0.06,0.0,0.05,-0.09,0.0,66.64,4.14,2.53
100.67457155201383,-0.12,-0.0,0.0,0.05,-0.09,0.0,66.29,4.03,2.4
102.55272745054891,-0.12,-0.0,0.0,0.05,-0.09,0.0,66.29,4.03,2.4
102.03877873737989,-0.12,-0.0,0.0,0.05,-0.09,0.0,66.29,4.03,2.4
89.88500525041253,-0.06,-0.0,0.0,0.05,-0.09,0.0,66.18,3.99,2.36
100.1744447098161,0.0,0.06,0.06,0.05,-0.09,-0.0,65.84,3.88,2.25
101.15287591945014,0.06,0.0,-0.0,0.05,-0.09,0.0,65.74,3.84,2.21
102.5401916682965,0.06,-0.11,-0.0,0.05,-0.09,0.0,65.52,3.77,2.14
100.04302921884317,-0.0,-0.06,-0.06,0.05,-0.09,0.0,65.42,3.74,2.1
99.72192106514503,-0.0,-0.06,-0.06,0.05,-0.09,0.0,65.42,3.74,2.1
99.2734674556213,0.0,-0.06,-0.0,0.05,-0.09,0.0,65.32,3.7,2.06
100.39263744943632,0.0,-0.06,-0.0,0.05,-0.09,0.0,65.32,3.7,2.06
